1001.71c 0.999167 H_001_293.6K.ace 0 1 1 8177 0 0 2.530E-08
1002.71c 1.996800 H_002_293.6K.ace 0 1 1 10452 0 0 2.530E-08
1003.71c 2.989596 H_003_293.6K.ace 0 1 1 11728 0 0 2.530E-08
2003.71c 2.989032 He_003_293.6K.ace 0 1 1 10004 0 0 2.530E-08
2004.71c 3.968219 He_004_293.6K.ace 0 1 1 10421 0 0 2.530E-08
3006.71c 5.963400 Li_006_293.6K.ace 0 1 1 35810 0 0 2.530E-08
3007.71c 6.955732 Li_007_293.6K.ace 0 1 1 19687 0 0 2.530E-08
4007.71c 6.954500 Be_007_293.6K.ace 0 1 1 32760 0 0 2.530E-08
4009.71c 8.934780 Be_009_293.6K.ace 0 1 1 580783 0 0 2.530E-08
5010.71c 9.926921 B_010_293.6K.ace 0 1 1 54514 0 0 2.530E-08
5011.71c 10.914700 B_011_293.6K.ace 0 1 1 150161 0 0 2.530E-08
6000.71c 11.898000 C_000_293.6K.ace 0 1 1 79690 0 0 2.530E-08
7014.71c 13.882780 N_014_293.6K.ace 0 1 1 145379 0 0 2.530E-08
7015.71c 14.871000 N_015_293.6K.ace 0 1 1 31819 0 0 2.530E-08
8016.71c 15.857510 O_016_293.6K.ace 0 1 1 409225 0 0 2.530E-08
8017.71c 16.853100 O_017_293.6K.ace 0 1 1 8169 0 0 2.530E-08
9019.71c 18.835000 F_019_293.6K.ace 0 1 1 130477 0 0 2.530E-08
11022.71c 21.805500 Na_022_293.6K.ace 0 1 1 18572 0 0 2.530E-08 ptable
11023.71c 22.792000 Na_023_293.6K.ace 0 1 1 71666 0 0 2.530E-08
12024.71c 23.779000 Mg_024_293.6K.ace 0 1 1 49276 0 0 2.530E-08
12025.71c 24.771200 Mg_025_293.6K.ace 0 1 1 47038 0 0 2.530E-08
12026.71c 25.759400 Mg_026_293.6K.ace 0 1 1 37796 0 0 2.530E-08
13027.71c 26.749750 Al_027_293.6K.ace 0 1 1 235601 0 0 2.530E-08
14028.71c 27.737000 Si_028_293.6K.ace 0 1 1 268701 0 0 2.530E-08
14029.71c 28.728000 Si_029_293.6K.ace 0 1 1 253411 0 0 2.530E-08
14030.71c 29.716000 Si_030_293.6K.ace 0 1 1 199407 0 0 2.530E-08
15031.71c 30.708000 P_031_293.6K.ace 0 1 1 71982 0 0 2.530E-08
16032.71c 31.697300 S_032_293.6K.ace 0 1 1 135687 0 0 2.530E-08
16033.71c 32.687800 S_033_293.6K.ace 0 1 1 56789 0 0 2.530E-08
16034.71c 33.676200 S_034_293.6K.ace 0 1 1 40845 0 0 2.530E-08
16036.71c 35.658000 S_036_293.6K.ace 0 1 1 28871 0 0 2.530E-08
17035.71c 34.668450 Cl_035_293.6K.ace 0 1 1 657809 0 0 2.530E-08
17037.71c 36.648300 Cl_037_293.6K.ace 0 1 1 217542 0 0 2.530E-08
18036.71c 35.658500 Ar_036_293.6K.ace 0 1 1 17731 0 0 2.530E-08 ptable
18038.71c 37.636600 Ar_038_293.6K.ace 0 1 1 15753 0 0 2.530E-08 ptable
18040.71c 39.619100 Ar_040_293.6K.ace 0 1 1 203579 0 0 2.530E-08
19039.71c 38.629300 K_039_293.6K.ace 0 1 1 275932 0 0 2.530E-08
19040.71c 39.620700 K_040_293.6K.ace 0 1 1 39638 0 0 2.530E-08
19041.71c 40.610100 K_041_293.6K.ace 0 1 1 332470 0 0 2.530E-08
20040.71c 39.619300 Ca_040_293.6K.ace 0 1 1 389049 0 0 2.530E-08
20042.71c 41.598180 Ca_042_293.6K.ace 0 1 1 323478 0 0 2.530E-08
20043.71c 42.589730 Ca_043_293.6K.ace 0 1 1 356355 0 0 2.530E-08
20044.71c 43.577880 Ca_044_293.6K.ace 0 1 1 225970 0 0 2.530E-08
20046.71c 45.558930 Ca_046_293.6K.ace 0 1 1 168274 0 0 2.530E-08
20048.71c 47.540600 Ca_048_293.6K.ace 0 1 1 146859 0 0 2.530E-08
21045.71c 44.567900 Sc_045_293.6K.ace 0 1 1 292528 0 0 2.530E-08
22046.71c 45.557900 Ti_046_293.6K.ace 0 1 1 291996 0 0 2.530E-08
22047.71c 46.548400 Ti_047_293.6K.ace 0 1 1 231954 0 0 2.530E-08
22048.71c 47.536100 Ti_048_293.6K.ace 0 1 1 264764 0 0 2.530E-08
22049.71c 48.527400 Ti_049_293.6K.ace 0 1 1 216048 0 0 2.530E-08
22050.71c 49.515700 Ti_050_293.6K.ace 0 1 1 161744 0 0 2.530E-08
23050.71c 49.518100 V_050_293.6K.ace 0 1 1 274809 0 0 2.530E-08
23051.71c 50.506300 V_051_293.6K.ace 0 1 1 396189 0 0 2.530E-08
24050.71c 49.517000 Cr_050_293.6K.ace 0 1 1 443337 0 0 2.530E-08
24052.71c 51.494000 Cr_052_293.6K.ace 0 1 1 450417 0 0 2.530E-08
24053.71c 52.486000 Cr_053_293.6K.ace 0 1 1 375496 0 0 2.530E-08
24054.71c 53.476000 Cr_054_293.6K.ace 0 1 1 276496 0 0 2.530E-08
25055.71c 54.466100 Mn_055_293.6K.ace 0 1 1 588780 0 0 2.530E-08 ptable
26054.71c 53.476000 Fe_054_293.6K.ace 0 1 1 333634 0 0 2.530E-08
26056.71c 55.454000 Fe_056_293.6K.ace 0 1 1 504913 0 0 2.530E-08
26057.71c 56.446000 Fe_057_293.6K.ace 0 1 1 321816 0 0 2.530E-08
26058.71c 57.436000 Fe_058_293.6K.ace 0 1 1 173022 0 0 2.530E-08
27058.71c 57.438100 Co_058_293.6K.ace 0 1 1 247618 0 0 2.530E-08 ptable
27458.71c 57.438100 Co_058m1_293.6K.ace 0 1 1 16806 0 0 2.530E-08
27059.71c 58.426900 Co_059_293.6K.ace 0 1 1 281204 0 0 2.530E-08
28058.71c 57.438000 Ni_058_293.6K.ace 0 1 1 695990 0 0 2.530E-08
28059.71c 58.428100 Ni_059_293.6K.ace 0 1 1 65362 0 0 2.530E-08
28060.71c 59.416000 Ni_060_293.6K.ace 0 1 1 625490 0 0 2.530E-08
28061.71c 60.408000 Ni_061_293.6K.ace 0 1 1 284144 0 0 2.530E-08
28062.71c 61.396000 Ni_062_293.6K.ace 0 1 1 254565 0 0 2.530E-08 ptable
28064.71c 63.379000 Ni_064_293.6K.ace 0 1 1 220934 0 0 2.530E-08
29063.71c 62.389000 Cu_063_293.6K.ace 0 1 1 357944 0 0 2.530E-08
29065.71c 64.370000 Cu_065_293.6K.ace 0 1 1 314305 0 0 2.530E-08
30064.71c 63.380000 Zn_064_293.6K.ace 0 1 1 528372 0 0 2.530E-08 ptable
30065.71c 64.371500 Zn_065_293.6K.ace 0 1 1 201659 0 0 2.530E-08 ptable
30066.71c 65.359700 Zn_066_293.6K.ace 0 1 1 383954 0 0 2.530E-08 ptable
30067.71c 66.352200 Zn_067_293.6K.ace 0 1 1 517765 0 0 2.530E-08 ptable
30068.71c 67.341300 Zn_068_293.6K.ace 0 1 1 290818 0 0 2.530E-08 ptable
30070.71c 69.324600 Zn_070_293.6K.ace 0 1 1 257436 0 0 2.530E-08 ptable
31069.71c 68.333600 Ga_069_293.6K.ace 0 1 1 90015 0 0 2.530E-08
31071.71c 70.315000 Ga_071_293.6K.ace 0 1 1 79162 0 0 2.530E-08
32070.71c 69.323600 Ge_070_293.6K.ace 0 1 1 417221 0 0 2.530E-08 ptable
32072.71c 71.304200 Ge_072_293.6K.ace 0 1 1 248206 0 0 2.530E-08 ptable
32073.71c 72.297000 Ge_073_293.6K.ace 0 1 1 627788 0 0 2.530E-08 ptable
32074.71c 73.286200 Ge_074_293.6K.ace 0 1 1 130456 0 0 2.530E-08 ptable
32076.71c 75.269200 Ge_076_293.6K.ace 0 1 1 134084 0 0 2.530E-08 ptable
33074.71c 73.288900 As_074_293.6K.ace 0 1 1 278547 0 0 2.530E-08 ptable
33075.71c 74.278000 As_075_293.6K.ace 0 1 1 424129 0 0 2.530E-08 ptable
34074.71c 73.287500 Se_074_293.6K.ace 0 1 1 77404 0 0 2.530E-08 ptable
34076.71c 75.267000 Se_076_293.6K.ace 0 1 1 134233 0 0 2.530E-08 ptable
34077.71c 76.259100 Se_077_293.6K.ace 0 1 1 154592 0 0 2.530E-08 ptable
34078.71c 77.247900 Se_078_293.6K.ace 0 1 1 98710 0 0 2.530E-08 ptable
34079.71c 78.240500 Se_079_293.6K.ace 0 1 1 111656 0 0 2.530E-08 ptable
34080.71c 79.230000 Se_080_293.6K.ace 0 1 1 110962 0 0 2.530E-08 ptable
34082.71c 81.213000 Se_082_293.6K.ace 0 1 1 53261 0 0 2.530E-08 ptable
35079.71c 78.240300 Br_079_293.6K.ace 0 1 1 304367 0 0 2.530E-08 ptable
35081.71c 80.221200 Br_081_293.6K.ace 0 1 1 282386 0 0 2.530E-08 ptable
36078.71c 77.250990 Kr_078_293.6K.ace 0 1 1 805929 0 0 2.530E-08 ptable
36080.71c 79.229900 Kr_080_293.6K.ace 0 1 1 109652 0 0 2.530E-08 ptable
36082.71c 81.209800 Kr_082_293.6K.ace 0 1 1 75059 0 0 2.530E-08 ptable
36083.71c 82.202000 Kr_083_293.6K.ace 0 1 1 62906 0 0 2.530E-08 ptable
36084.71c 83.190700 Kr_084_293.6K.ace 0 1 1 134261 0 0 2.530E-08
36085.71c 84.183100 Kr_085_293.6K.ace 0 1 1 190030 0 0 2.530E-08 ptable
36086.71c 85.172600 Kr_086_293.6K.ace 0 1 1 137821 0 0 2.530E-08
37085.71c 84.182400 Rb_085_293.6K.ace 0 1 1 198328 0 0 2.530E-08 ptable
37086.71c 85.173100 Rb_086_293.6K.ace 0 1 1 260966 0 0 2.530E-08 ptable
37087.71c 86.162600 Rb_087_293.6K.ace 0 1 1 72224 0 0 2.530E-08 ptable
38084.71c 83.192600 Sr_084_293.6K.ace 0 1 1 171553 0 0 2.530E-08 ptable
38086.71c 85.171300 Sr_086_293.6K.ace 0 1 1 91635 0 0 2.530E-08 ptable
38087.71c 86.162300 Sr_087_293.6K.ace 0 1 1 165424 0 0 2.530E-08 ptable
38088.71c 87.150000 Sr_088_293.6K.ace 0 1 1 134223 0 0 2.530E-08
38089.71c 88.144000 Sr_089_293.6K.ace 0 1 1 73708 0 0 2.530E-08 ptable
38090.71c 89.135300 Sr_090_293.6K.ace 0 1 1 47336 0 0 2.530E-08 ptable
39089.71c 88.142100 Y_089_293.6K.ace 0 1 1 334153 0 0 2.530E-08
39090.71c 89.134800 Y_090_293.6K.ace 0 1 1 273954 0 0 2.530E-08 ptable
39091.71c 90.126400 Y_091_293.6K.ace 0 1 1 98542 0 0 2.530E-08 ptable
40090.71c 89.132400 Zr_090_293.6K.ace 0 1 1 211536 0 0 2.530E-08 ptable
40091.71c 90.124700 Zr_091_293.6K.ace 0 1 1 553944 0 0 2.530E-08 ptable
40092.71c 91.115500 Zr_092_293.6K.ace 0 1 1 337198 0 0 2.530E-08 ptable
40093.71c 92.108400 Zr_093_293.6K.ace 0 1 1 527786 0 0 2.530E-08 ptable
40094.71c 93.099600 Zr_094_293.6K.ace 0 1 1 320755 0 0 2.530E-08 ptable
40095.71c 94.092700 Zr_095_293.6K.ace 0 1 1 261133 0 0 2.530E-08 ptable
40096.71c 95.084400 Zr_096_293.6K.ace 0 1 1 220944 0 0 2.530E-08
41093.71c 92.105100 Nb_093_293.6K.ace 0 1 1 410960 0 0 2.530E-08
41094.71c 93.100600 Nb_094_293.6K.ace 0 1 1 121320 0 0 2.530E-08 ptable
41095.71c 94.091500 Nb_095_293.6K.ace 0 1 1 91055 0 0 2.530E-08 ptable
42092.71c 91.117300 Mo_092_293.6K.ace 0 1 1 246115 0 0 2.530E-08 ptable
42094.71c 93.098400 Mo_094_293.6K.ace 0 1 1 263309 0 0 2.530E-08 ptable
42095.71c 94.090600 Mo_095_293.6K.ace 0 1 1 285104 0 0 2.530E-08 ptable
42096.71c 95.080800 Mo_096_293.6K.ace 0 1 1 278541 0 0 2.530E-08 ptable
42097.71c 96.073500 Mo_097_293.6K.ace 0 1 1 302273 0 0 2.530E-08 ptable
42098.71c 97.064300 Mo_098_293.6K.ace 0 1 1 327739 0 0 2.530E-08 ptable
42099.71c 98.058000 Mo_099_293.6K.ace 0 1 1 74147 0 0 2.530E-08 ptable
42100.71c 99.049000 Mo_100_293.6K.ace 0 1 1 192313 0 0 2.530E-08 ptable
43099.71c 98.056600 Tc_099_293.6K.ace 0 1 1 730107 0 0 2.530E-08 ptable
44096.71c 95.083700 Ru_096_293.6K.ace 0 1 1 82289 0 0 2.530E-08 ptable
44098.71c 97.064200 Ru_098_293.6K.ace 0 1 1 81962 0 0 2.530E-08 ptable
44099.71c 98.056200 Ru_099_293.6K.ace 0 1 1 139275 0 0 2.530E-08 ptable
44100.71c 99.046000 Ru_100_293.6K.ace 0 1 1 176449 0 0 2.530E-08 ptable
44101.71c 100.039000 Ru_101_293.6K.ace 0 1 1 311576 0 0 2.530E-08 ptable
44102.71c 101.030000 Ru_102_293.6K.ace 0 1 1 204690 0 0 2.530E-08 ptable
44103.71c 102.020000 Ru_103_293.6K.ace 0 1 1 114825 0 0 2.530E-08 ptable
44104.71c 103.010000 Ru_104_293.6K.ace 0 1 1 178216 0 0 2.530E-08 ptable
44105.71c 104.010000 Ru_105_293.6K.ace 0 1 1 56413 0 0 2.530E-08
44106.71c 104.997000 Ru_106_293.6K.ace 0 1 1 44772 0 0 2.530E-08 ptable
45103.71c 102.021000 Rh_103_293.6K.ace 0 1 1 478899 0 0 2.530E-08 ptable
45105.71c 104.000000 Rh_105_293.6K.ace 0 1 1 63844 0 0 2.530E-08 ptable
46102.71c 101.030200 Pd_102_293.6K.ace 0 1 1 198826 0 0 2.530E-08
46104.71c 103.011400 Pd_104_293.6K.ace 0 1 1 708309 0 0 2.530E-08
46105.71c 104.004000 Pd_105_293.6K.ace 0 1 1 419656 0 0 2.530E-08 ptable
46106.71c 104.993700 Pd_106_293.6K.ace 0 1 1 588723 0 0 2.530E-08
46107.71c 105.987000 Pd_107_293.6K.ace 0 1 1 179300 0 0 2.530E-08 ptable
46108.71c 106.976900 Pd_108_293.6K.ace 0 1 1 576811 0 0 2.530E-08
46110.71c 108.961000 Pd_110_293.6K.ace 0 1 1 529561 0 0 2.530E-08
47107.71c 105.987000 Ag_107_293.6K.ace 0 1 1 426534 0 0 2.530E-08 ptable
47109.71c 107.969000 Ag_109_293.6K.ace 0 1 1 587291 0 0 2.530E-08 ptable
47510.71c 108.962000 Ag_110m1_293.6K.ace 0 1 1 138202 0 0 2.530E-08 ptable
47111.71c 109.953000 Ag_111_293.6K.ace 0 1 1 252716 0 0 2.530E-08 ptable
48106.71c 104.996000 Cd_106_293.6K.ace 0 1 1 164130 0 0 2.530E-08 ptable
48108.71c 106.977000 Cd_108_293.6K.ace 0 1 1 109398 0 0 2.530E-08 ptable
48110.71c 108.959000 Cd_110_293.6K.ace 0 1 1 151524 0 0 2.530E-08 ptable
48111.71c 109.951000 Cd_111_293.6K.ace 0 1 1 267076 0 0 2.530E-08 ptable
48112.71c 110.942000 Cd_112_293.6K.ace 0 1 1 184101 0 0 2.530E-08 ptable
48113.71c 111.930000 Cd_113_293.6K.ace 0 1 1 364545 0 0 2.530E-08 ptable
48114.71c 112.925000 Cd_114_293.6K.ace 0 1 1 117426 0 0 2.530E-08 ptable
48515.71c 113.918000 Cd_115m1_293.6K.ace 0 1 1 220234 0 0 2.530E-08 ptable
48116.71c 114.909000 Cd_116_293.6K.ace 0 1 1 78475 0 0 2.530E-08 ptable
49113.71c 111.934000 In_113_293.6K.ace 0 1 1 179780 0 0 2.530E-08 ptable
49115.71c 113.917000 In_115_293.6K.ace 0 1 1 288555 0 0 2.530E-08 ptable
50112.71c 110.944000 Sn_112_293.6K.ace 0 1 1 123802 0 0 2.530E-08 ptable
50113.71c 111.935000 Sn_113_293.6K.ace 0 1 1 552241 0 0 2.530E-08 ptable
50114.71c 112.925000 Sn_114_293.6K.ace 0 1 1 127604 0 0 2.530E-08 ptable
50115.71c 113.916000 Sn_115_293.6K.ace 0 1 1 92335 0 0 2.530E-08 ptable
50116.71c 114.906000 Sn_116_293.6K.ace 0 1 1 261552 0 0 2.530E-08 ptable
50117.71c 115.899000 Sn_117_293.6K.ace 0 1 1 146215 0 0 2.530E-08 ptable
50118.71c 116.889000 Sn_118_293.6K.ace 0 1 1 71636 0 0 2.530E-08 ptable
50119.71c 117.882000 Sn_119_293.6K.ace 0 1 1 123258 0 0 2.530E-08 ptable
50120.71c 118.872000 Sn_120_293.6K.ace 0 1 1 232279 0 0 2.530E-08 ptable
50122.71c 120.856000 Sn_122_293.6K.ace 0 1 1 358217 0 0 2.530E-08
50123.71c 121.850000 Sn_123_293.6K.ace 0 1 1 63562 0 0 2.530E-08 ptable
50124.71c 122.841000 Sn_124_293.6K.ace 0 1 1 237944 0 0 2.530E-08
50125.71c 123.835000 Sn_125_293.6K.ace 0 1 1 173799 0 0 2.530E-08 ptable
50126.71c 124.826000 Sn_126_293.6K.ace 0 1 1 45336 0 0 2.530E-08 ptable
51121.71c 119.870000 Sb_121_293.6K.ace 0 1 1 287015 0 0 2.530E-08 ptable
51123.71c 121.850000 Sb_123_293.6K.ace 0 1 1 259240 0 0 2.530E-08 ptable
51124.71c 122.842000 Sb_124_293.6K.ace 0 1 1 59216 0 0 2.530E-08 ptable
51125.71c 123.832000 Sb_125_293.6K.ace 0 1 1 109835 0 0 2.530E-08 ptable
51126.71c 124.826000 Sb_126_293.6K.ace 0 1 1 292599 0 0 2.530E-08 ptable
52120.71c 118.874000 Te_120_293.6K.ace 0 1 1 73618 0 0 2.530E-08 ptable
52122.71c 120.856000 Te_122_293.6K.ace 0 1 1 300824 0 0 2.530E-08 ptable
52123.71c 121.848000 Te_123_293.6K.ace 0 1 1 188085 0 0 2.530E-08 ptable
52124.71c 122.839000 Te_124_293.6K.ace 0 1 1 234660 0 0 2.530E-08 ptable
52125.71c 123.831000 Te_125_293.6K.ace 0 1 1 322398 0 0 2.530E-08 ptable
52126.71c 124.821000 Te_126_293.6K.ace 0 1 1 134234 0 0 2.530E-08 ptable
52527.71c 125.815000 Te_127m1_293.6K.ace 0 1 1 83887 0 0 2.530E-08 ptable
52128.71c 126.805000 Te_128_293.6K.ace 0 1 1 111276 0 0 2.530E-08 ptable
52529.71c 127.800000 Te_129m1_293.6K.ace 0 1 1 97006 0 0 2.530E-08 ptable
52130.71c 128.790000 Te_130_293.6K.ace 0 1 1 79529 0 0 2.530E-08 ptable
52132.71c 130.775000 Te_132_293.6K.ace 0 1 1 264418 0 0 2.530E-08 ptable
53127.71c 125.814300 I_127_293.6K.ace 0 1 1 1295282 0 0 2.530E-08
53129.71c 127.798000 I_129_293.6K.ace 0 1 1 221859 0 0 2.530E-08 ptable
53130.71c 128.791000 I_130_293.6K.ace 0 1 1 352459 0 0 2.530E-08 ptable
53131.71c 129.781000 I_131_293.6K.ace 0 1 1 83508 0 0 2.530E-08 ptable
53135.71c 133.750000 I_135_293.6K.ace 0 1 1 34224 0 0 2.530E-08
54123.71c 121.852600 Xe_123_293.6K.ace 0 1 1 843794 0 0 2.530E-08
54124.71c 122.841500 Xe_124_293.6K.ace 0 1 1 780526 0 0 2.530E-08 ptable
54126.71c 124.822000 Xe_126_293.6K.ace 0 1 1 88256 0 0 2.530E-08 ptable
54128.71c 126.804000 Xe_128_293.6K.ace 0 1 1 117726 0 0 2.530E-08 ptable
54129.71c 127.798000 Xe_129_293.6K.ace 0 1 1 202577 0 0 2.530E-08 ptable
54130.71c 128.788000 Xe_130_293.6K.ace 0 1 1 48420 0 0 2.530E-08
54131.71c 129.781000 Xe_131_293.6K.ace 0 1 1 306485 0 0 2.530E-08 ptable
54132.71c 130.770000 Xe_132_293.6K.ace 0 1 1 70880 0 0 2.530E-08 ptable
54133.71c 131.764000 Xe_133_293.6K.ace 0 1 1 76075 0 0 2.530E-08 ptable
54134.71c 132.760000 Xe_134_293.6K.ace 0 1 1 58178 0 0 2.530E-08 ptable
54135.71c 133.748000 Xe_135_293.6K.ace 0 1 1 78620 0 0 2.530E-08 ptable
54136.71c 134.740000 Xe_136_293.6K.ace 0 1 1 79527 0 0 2.530E-08
55133.71c 131.764000 Cs_133_293.6K.ace 0 1 1 432389 0 0 2.530E-08 ptable
55134.71c 132.757000 Cs_134_293.6K.ace 0 1 1 137925 0 0 2.530E-08 ptable
55135.71c 133.747000 Cs_135_293.6K.ace 0 1 1 69025 0 0 2.530E-08 ptable
55136.71c 134.739000 Cs_136_293.6K.ace 0 1 1 55748 0 0 2.530E-08 ptable
55137.71c 135.731000 Cs_137_293.6K.ace 0 1 1 59537 0 0 2.530E-08 ptable
56130.71c 128.790000 Ba_130_293.6K.ace 0 1 1 155972 0 0 2.530E-08 ptable
56132.71c 130.772000 Ba_132_293.6K.ace 0 1 1 75914 0 0 2.530E-08 ptable
56133.71c 131.764000 Ba_133_293.6K.ace 0 1 1 363529 0 0 2.530E-08 ptable
56134.71c 132.754000 Ba_134_293.6K.ace 0 1 1 173981 0 0 2.530E-08 ptable
56135.71c 133.747000 Ba_135_293.6K.ace 0 1 1 208764 0 0 2.530E-08 ptable
56136.71c 134.737000 Ba_136_293.6K.ace 0 1 1 172169 0 0 2.530E-08 ptable
56137.71c 135.730000 Ba_137_293.6K.ace 0 1 1 141688 0 0 2.530E-08 ptable
56138.71c 136.720000 Ba_138_293.6K.ace 0 1 1 72436 0 0 2.530E-08
56140.71c 138.708000 Ba_140_293.6K.ace 0 1 1 34681 0 0 2.530E-08 ptable
57138.71c 136.722000 La_138_293.6K.ace 0 1 1 108925 0 0 2.530E-08 ptable
57139.71c 137.710000 La_139_293.6K.ace 0 1 1 210034 0 0 2.530E-08 ptable
57140.71c 138.708000 La_140_293.6K.ace 0 1 1 383354 0 0 2.530E-08 ptable
58136.71c 134.740000 Ce_136_293.6K.ace 0 1 1 200103 0 0 2.530E-08 ptable
58138.71c 136.721000 Ce_138_293.6K.ace 0 1 1 201299 0 0 2.530E-08 ptable
58139.71c 137.713000 Ce_139_293.6K.ace 0 1 1 297645 0 0 2.530E-08 ptable
58140.71c 138.704000 Ce_140_293.6K.ace 0 1 1 250108 0 0 2.530E-08
58141.71c 139.700000 Ce_141_293.6K.ace 0 1 1 92141 0 0 2.530E-08 ptable
58142.71c 140.690000 Ce_142_293.6K.ace 0 1 1 109615 0 0 2.530E-08 ptable
58143.71c 141.685000 Ce_143_293.6K.ace 0 1 1 280319 0 0 2.530E-08 ptable
58144.71c 142.678000 Ce_144_293.6K.ace 0 1 1 54584 0 0 2.530E-08 ptable
59141.71c 139.697000 Pr_141_293.6K.ace 0 1 1 395674 0 0 2.530E-08 ptable
59142.71c 140.691000 Pr_142_293.6K.ace 0 1 1 585343 0 0 2.530E-08 ptable
59143.71c 141.683000 Pr_143_293.6K.ace 0 1 1 85543 0 0 2.530E-08 ptable
60142.71c 140.689000 Nd_142_293.6K.ace 0 1 1 315205 0 0 2.530E-08 ptable
60143.71c 141.682000 Nd_143_293.6K.ace 0 1 1 468193 0 0 2.530E-08 ptable
60144.71c 142.674000 Nd_144_293.6K.ace 0 1 1 324118 0 0 2.530E-08 ptable
60145.71c 143.668000 Nd_145_293.6K.ace 0 1 1 520300 0 0 2.530E-08 ptable
60146.71c 144.660000 Nd_146_293.6K.ace 0 1 1 304591 0 0 2.530E-08 ptable
60147.71c 145.654000 Nd_147_293.6K.ace 0 1 1 275021 0 0 2.530E-08 ptable
60148.71c 146.646000 Nd_148_293.6K.ace 0 1 1 367193 0 0 2.530E-08 ptable
60150.71c 148.633000 Nd_150_293.6K.ace 0 1 1 332920 0 0 2.530E-08 ptable
61147.71c 145.653000 Pm_147_293.6K.ace 0 1 1 101636 0 0 2.530E-08 ptable
61148.71c 146.646000 Pm_148_293.6K.ace 0 1 1 63470 0 0 2.530E-08 ptable
61548.71c 146.650000 Pm_148m1_293.6K.ace 0 1 1 42690 0 0 2.530E-08
61149.71c 147.639000 Pm_149_293.6K.ace 0 1 1 83388 0 0 2.530E-08 ptable
61151.71c 149.625000 Pm_151_293.6K.ace 0 1 1 234750 0 0 2.530E-08 ptable
62144.71c 142.676000 Sm_144_293.6K.ace 0 1 1 301522 0 0 2.530E-08 ptable
62147.71c 145.653000 Sm_147_293.6K.ace 0 1 1 608884 0 0 2.530E-08 ptable
62148.71c 146.644000 Sm_148_293.6K.ace 0 1 1 199336 0 0 2.530E-08 ptable
62149.71c 147.638000 Sm_149_293.6K.ace 0 1 1 478944 0 0 2.530E-08 ptable
62150.71c 148.629000 Sm_150_293.6K.ace 0 1 1 299631 0 0 2.530E-08 ptable
62151.71c 149.623000 Sm_151_293.6K.ace 0 1 1 375402 0 0 2.530E-08 ptable
62152.71c 150.615000 Sm_152_293.6K.ace 0 1 1 395723 0 0 2.530E-08 ptable
62153.71c 151.608000 Sm_153_293.6K.ace 0 1 1 219069 0 0 2.530E-08 ptable
62154.71c 152.600000 Sm_154_293.6K.ace 0 1 1 269954 0 0 2.530E-08 ptable
63151.71c 149.620000 Eu_151_293.6K.ace 0 1 1 133456 0 0 2.530E-08 ptable
63152.71c 150.617000 Eu_152_293.6K.ace 0 1 1 124103 0 0 2.530E-08 ptable
63153.71c 151.608000 Eu_153_293.6K.ace 0 1 1 257210 0 0 2.530E-08 ptable
63154.71c 152.600000 Eu_154_293.6K.ace 0 1 1 62593 0 0 2.530E-08 ptable
63155.71c 153.590000 Eu_155_293.6K.ace 0 1 1 49694 0 0 2.530E-08 ptable
63156.71c 154.586000 Eu_156_293.6K.ace 0 1 1 70920 0 0 2.530E-08 ptable
63157.71c 155.577000 Eu_157_293.6K.ace 0 1 1 301913 0 0 2.530E-08 ptable
64152.71c 150.615000 Gd_152_293.6K.ace 0 1 1 521955 0 0 2.530E-08 ptable
64153.71c 151.608000 Gd_153_293.6K.ace 0 1 1 336206 0 0 2.530E-08 ptable
64154.71c 152.599000 Gd_154_293.6K.ace 0 1 1 606760 0 0 2.530E-08 ptable
64155.71c 153.592000 Gd_155_293.6K.ace 0 1 1 343614 0 0 2.530E-08 ptable
64156.71c 154.583000 Gd_156_293.6K.ace 0 1 1 441935 0 0 2.530E-08 ptable
64157.71c 155.576000 Gd_157_293.6K.ace 0 1 1 394747 0 0 2.530E-08 ptable
64158.71c 156.567000 Gd_158_293.6K.ace 0 1 1 440179 0 0 2.530E-08 ptable
64160.71c 158.553000 Gd_160_293.6K.ace 0 1 1 371430 0 0 2.530E-08 ptable
65159.71c 157.560000 Tb_159_293.6K.ace 0 1 1 347184 0 0 2.530E-08 ptable
65160.71c 158.553000 Tb_160_293.6K.ace 0 1 1 192050 0 0 2.530E-08 ptable
66156.71c 154.585000 Dy_156_293.6K.ace 0 1 1 267052 0 0 2.530E-08 ptable
66158.71c 156.568000 Dy_158_293.6K.ace 0 1 1 240935 0 0 2.530E-08 ptable
66160.71c 158.551000 Dy_160_293.6K.ace 0 1 1 345374 0 0 2.530E-08 ptable
66161.71c 159.544000 Dy_161_293.6K.ace 0 1 1 520503 0 0 2.530E-08 ptable
66162.71c 160.536000 Dy_162_293.6K.ace 0 1 1 368449 0 0 2.530E-08 ptable
66163.71c 161.529000 Dy_163_293.6K.ace 0 1 1 399773 0 0 2.530E-08 ptable
66164.71c 162.521000 Dy_164_293.6K.ace 0 1 1 325368 0 0 2.530E-08 ptable
67165.71c 163.513000 Ho_165_293.6K.ace 0 1 1 337695 0 0 2.530E-08
67566.71c 164.507000 Ho_166m1_293.6K.ace 0 1 1 216404 0 0 2.530E-08 ptable
68162.71c 160.538000 Er_162_293.6K.ace 0 1 1 105961 0 0 2.530E-08
68164.71c 162.521000 Er_164_293.6K.ace 0 1 1 111051 0 0 2.530E-08
68166.71c 164.505000 Er_166_293.6K.ace 0 1 1 281304 0 0 2.530E-08
68167.71c 165.498000 Er_167_293.6K.ace 0 1 1 425713 0 0 2.530E-08 ptable
68168.71c 166.487000 Er_168_293.6K.ace 0 1 1 288990 0 0 2.530E-08
68170.71c 168.476000 Er_170_293.6K.ace 0 1 1 161040 0 0 2.530E-08 ptable
69168.71c 166.492000 Tm_168_293.6K.ace 0 1 1 494993 0 0 2.530E-08
69169.71c 167.483000 Tm_169_293.6K.ace 0 1 1 1209739 0 0 2.530E-08 ptable
69170.71c 168.476000 Tm_170_293.6K.ace 0 1 1 541773 0 0 2.530E-08 ptable
71175.71c 173.438000 Lu_175_293.6K.ace 0 1 1 141422 0 0 2.530E-08 ptable
71176.71c 174.430000 Lu_176_293.6K.ace 0 1 1 75739 0 0 2.530E-08 ptable
72174.71c 172.446000 Hf_174_293.6K.ace 0 1 1 79753 0 0 2.530E-08 ptable
72176.71c 174.429000 Hf_176_293.6K.ace 0 1 1 118520 0 0 2.530E-08 ptable
72177.71c 175.420000 Hf_177_293.6K.ace 0 1 1 251444 0 0 2.530E-08 ptable
72178.71c 176.411000 Hf_178_293.6K.ace 0 1 1 129506 0 0 2.530E-08 ptable
72179.71c 177.413000 Hf_179_293.6K.ace 0 1 1 191944 0 0 2.530E-08 ptable
72180.71c 178.404000 Hf_180_293.6K.ace 0 1 1 136662 0 0 2.530E-08 ptable
73180.71c 178.401600 Ta_180_293.6K.ace 0 1 1 826088 0 0 2.530E-08
73181.71c 179.393600 Ta_181_293.6K.ace 0 1 1 984125 0 0 2.530E-08 ptable
73182.71c 180.387000 Ta_182_293.6K.ace 0 1 1 29998 0 0 2.530E-08 ptable
74180.71c 178.401000 W_180_293.6K.ace 0 1 1 1085440 0 0 2.530E-08
74182.71c 180.385000 W_182_293.6K.ace 0 1 1 1318828 0 0 2.530E-08 ptable
74183.71c 181.379000 W_183_293.6K.ace 0 1 1 1459994 0 0 2.530E-08 ptable
74184.71c 182.371000 W_184_293.6K.ace 0 1 1 1030421 0 0 2.530E-08 ptable
74186.71c 184.357000 W_186_293.6K.ace 0 1 1 1247151 0 0 2.530E-08 ptable
75185.71c 183.364100 Re_185_293.6K.ace 0 1 1 1640226 0 0 2.530E-08 ptable
75187.71c 185.349700 Re_187_293.6K.ace 0 1 1 1379362 0 0 2.530E-08 ptable
77191.71c 189.320000 Ir_191_293.6K.ace 0 1 1 430974 0 0 2.530E-08
77193.71c 191.305000 Ir_193_293.6K.ace 0 1 1 385698 0 0 2.530E-08 ptable
79197.71c 195.274000 Au_197_293.6K.ace 0 1 1 410492 0 0 2.530E-08
80196.71c 194.282000 Hg_196_293.6K.ace 0 1 1 152809 0 0 2.530E-08
80198.71c 196.266000 Hg_198_293.6K.ace 0 1 1 172138 0 0 2.530E-08
80199.71c 197.259000 Hg_199_293.6K.ace 0 1 1 172994 0 0 2.530E-08
80200.71c 198.250000 Hg_200_293.6K.ace 0 1 1 193115 0 0 2.530E-08
80201.71c 199.244000 Hg_201_293.6K.ace 0 1 1 166046 0 0 2.530E-08
80202.71c 200.236000 Hg_202_293.6K.ace 0 1 1 154929 0 0 2.530E-08
80204.71c 202.221000 Hg_204_293.6K.ace 0 1 1 140620 0 0 2.530E-08
81203.71c 201.229000 Tl_203_293.6K.ace 0 1 1 358403 0 0 2.530E-08 ptable
81205.71c 203.214000 Tl_205_293.6K.ace 0 1 1 236794 0 0 2.530E-08 ptable
82204.71c 202.220800 Pb_204_293.6K.ace 0 1 1 614444 0 0 2.530E-08
82206.71c 204.205000 Pb_206_293.6K.ace 0 1 1 1196477 0 0 2.530E-08
82207.71c 205.197900 Pb_207_293.6K.ace 0 1 1 550706 0 0 2.530E-08
82208.71c 206.190000 Pb_208_293.6K.ace 0 1 1 484779 0 0 2.530E-08
83209.71c 207.185000 Bi_209_293.6K.ace 0 1 1 266833 0 0 2.530E-08
88223.71c 221.103000 Ra_223_293.6K.ace 0 1 1 22870 0 0 2.530E-08
88224.71c 222.096000 Ra_224_293.6K.ace 0 1 1 19490 0 0 2.530E-08
88225.71c 223.091000 Ra_225_293.6K.ace 0 1 1 16663 0 0 2.530E-08
88226.71c 224.084000 Ra_226_293.6K.ace 0 1 1 102243 0 0 2.530E-08
89225.71c 223.090000 Ac_225_293.6K.ace 0 1 1 257844 0 0 2.530E-08
89226.71c 224.084000 Ac_226_293.6K.ace 0 1 1 269845 0 0 2.530E-08
89227.71c 225.077000 Ac_227_293.6K.ace 0 1 1 273026 0 0 2.530E-08
90227.71c 225.077000 Th_227_293.6K.ace 0 1 1 313483 0 0 2.530E-08
90228.71c 226.070000 Th_228_293.6K.ace 0 1 1 364983 0 0 2.530E-08 ptable
90229.71c 227.064000 Th_229_293.6K.ace 0 1 1 358652 0 0 2.530E-08 ptable
90230.71c 228.057000 Th_230_293.6K.ace 0 1 1 363329 0 0 2.530E-08 ptable
90231.71c 229.052000 Th_231_293.6K.ace 0 1 1 323600 0 0 2.530E-08
90232.71c 230.045000 Th_232_293.6K.ace 0 1 1 2503546 0 0 2.530E-08 ptable
90233.71c 231.040000 Th_233_293.6K.ace 0 1 1 292031 0 0 2.530E-08
90234.71c 232.033000 Th_234_293.6K.ace 0 1 1 224444 0 0 2.530E-08
91229.71c 227.065000 Pa_229_293.6K.ace 0 1 1 226043 0 0 2.530E-08
91230.71c 228.058000 Pa_230_293.6K.ace 0 1 1 253538 0 0 2.530E-08
91231.71c 229.051000 Pa_231_293.6K.ace 0 1 1 1397276 0 0 2.530E-08 ptable
91232.71c 230.045000 Pa_232_293.6K.ace 0 1 1 271790 0 0 2.530E-08 ptable
91233.71c 231.038000 Pa_233_293.6K.ace 0 1 1 1532334 0 0 2.530E-08 ptable
92230.71c 228.058000 U_230_293.6K.ace 0 1 1 261640 0 0 2.530E-08
92231.71c 229.052000 U_231_293.6K.ace 0 1 1 284953 0 0 2.530E-08
92232.71c 230.044000 U_232_293.6K.ace 0 1 1 429001 0 0 2.530E-08 ptable
92233.71c 231.037700 U_233_293.6K.ace 0 1 1 451680 0 0 2.530E-08 ptable
92234.71c 232.030400 U_234_293.6K.ace 0 1 1 424252 0 0 2.530E-08 ptable
92235.71c 233.024800 U_235_293.6K.ace 0 1 1 837937 0 0 2.530E-08 ptable
92236.71c 234.017800 U_236_293.6K.ace 0 1 1 357063 0 0 2.530E-08 ptable
92237.71c 235.012400 U_237_293.6K.ace 0 1 1 199212 0 0 2.530E-08 ptable
92238.71c 236.005800 U_238_293.6K.ace 0 1 1 1547808 0 0 2.530E-08 ptable
92239.71c 237.000700 U_239_293.6K.ace 0 1 1 248303 0 0 2.530E-08 ptable
92240.71c 237.994400 U_240_293.6K.ace 0 1 1 296081 0 0 2.530E-08 ptable
92241.71c 238.989500 U_241_293.6K.ace 0 1 1 228281 0 0 2.530E-08 ptable
93234.71c 232.032000 Np_234_293.6K.ace 0 1 1 229813 0 0 2.530E-08
93235.71c 233.025000 Np_235_293.6K.ace 0 1 1 228412 0 0 2.530E-08
93236.71c 234.019000 Np_236_293.6K.ace 0 1 1 264358 0 0 2.530E-08 ptable
93237.71c 235.011800 Np_237_293.6K.ace 0 1 1 460506 0 0 2.530E-08 ptable
93238.71c 236.006000 Np_238_293.6K.ace 0 1 1 375538 0 0 2.530E-08 ptable
93239.71c 236.999000 Np_239_293.6K.ace 0 1 1 268140 0 0 2.530E-08
94236.71c 234.018000 Pu_236_293.6K.ace 0 1 1 193940 0 0 2.530E-08 ptable
94237.71c 235.012000 Pu_237_293.6K.ace 0 1 1 279836 0 0 2.530E-08
94238.71c 236.004600 Pu_238_293.6K.ace 0 1 1 330614 0 0 2.530E-08 ptable
94239.71c 236.998600 Pu_239_293.6K.ace 0 1 1 813144 0 0 2.530E-08 ptable
94240.71c 237.991600 Pu_240_293.6K.ace 0 1 1 780421 0 0 2.530E-08 ptable
94241.71c 238.978000 Pu_241_293.6K.ace 0 1 1 193800 0 0 2.530E-08 ptable
94242.71c 239.979000 Pu_242_293.6K.ace 0 1 1 381730 0 0 2.530E-08 ptable
94243.71c 240.974000 Pu_243_293.6K.ace 0 1 1 98980 0 0 2.530E-08 ptable
94244.71c 241.967000 Pu_244_293.6K.ace 0 1 1 214214 0 0 2.530E-08 ptable
94246.71c 243.956000 Pu_246_293.6K.ace 0 1 1 172621 0 0 2.530E-08
95240.71c 237.993000 Am_240_293.6K.ace 0 1 1 221504 0 0 2.530E-08
95241.71c 238.986000 Am_241_293.6K.ace 0 1 1 278517 0 0 2.530E-08 ptable
95242.71c 239.980100 Am_242_293.6K.ace 0 1 1 165938 0 0 2.530E-08 ptable
95642.71c 239.980100 Am_242m1_293.6K.ace 0 1 1 143665 0 0 2.530E-08 ptable
95243.71c 240.973400 Am_243_293.6K.ace 0 1 1 337448 0 0 2.530E-08 ptable
95244.71c 241.968000 Am_244_293.6K.ace 0 1 1 32164 0 0 2.530E-08
95644.71c 241.968000 Am_244m1_293.6K.ace 0 1 1 34559 0 0 2.530E-08
96240.71c 237.993000 Cm_240_293.6K.ace 0 1 1 168408 0 0 2.530E-08
96241.71c 238.987000 Cm_241_293.6K.ace 0 1 1 178699 0 0 2.530E-08
96242.71c 239.979000 Cm_242_293.6K.ace 0 1 1 210083 0 0 2.530E-08 ptable
96243.71c 240.973000 Cm_243_293.6K.ace 0 1 1 215236 0 0 2.530E-08 ptable
96244.71c 241.966000 Cm_244_293.6K.ace 0 1 1 339857 0 0 2.530E-08 ptable
96245.71c 242.960000 Cm_245_293.6K.ace 0 1 1 272486 0 0 2.530E-08 ptable
96246.71c 243.953000 Cm_246_293.6K.ace 0 1 1 309603 0 0 2.530E-08 ptable
96247.71c 244.948000 Cm_247_293.6K.ace 0 1 1 280820 0 0 2.530E-08 ptable
96248.71c 245.941000 Cm_248_293.6K.ace 0 1 1 282914 0 0 2.530E-08 ptable
96249.71c 246.936000 Cm_249_293.6K.ace 0 1 1 212937 0 0 2.530E-08
96250.71c 247.930000 Cm_250_293.6K.ace 0 1 1 184865 0 0 2.530E-08 ptable
97245.71c 242.961000 Bk_245_293.6K.ace 0 1 1 221349 0 0 2.530E-08
97246.71c 243.955000 Bk_246_293.6K.ace 0 1 1 226472 0 0 2.530E-08
97247.71c 244.948000 Bk_247_293.6K.ace 0 1 1 235438 0 0 2.530E-08
97248.71c 245.942000 Bk_248_293.6K.ace 0 1 1 243019 0 0 2.530E-08
97249.71c 246.935000 Bk_249_293.6K.ace 0 1 1 325173 0 0 2.530E-08 ptable
97250.71c 247.930000 Bk_250_293.6K.ace 0 1 1 273538 0 0 2.530E-08
98246.71c 243.955000 Cf_246_293.6K.ace 0 1 1 217832 0 0 2.530E-08
98248.71c 245.941000 Cf_248_293.6K.ace 0 1 1 243277 0 0 2.530E-08
98249.71c 246.935000 Cf_249_293.6K.ace 0 1 1 334931 0 0 2.530E-08 ptable
98250.71c 247.928000 Cf_250_293.6K.ace 0 1 1 255368 0 0 2.530E-08 ptable
98251.71c 248.923000 Cf_251_293.6K.ace 0 1 1 297801 0 0 2.530E-08 ptable
98252.71c 249.916000 Cf_252_293.6K.ace 0 1 1 333741 0 0 2.530E-08 ptable
98253.71c 250.911000 Cf_253_293.6K.ace 0 1 1 243116 0 0 2.530E-08
98254.71c 251.905000 Cf_254_293.6K.ace 0 1 1 223360 0 0 2.530E-08
99251.71c 248.923000 Es_251_293.6K.ace 0 1 1 223242 0 0 2.530E-08
99252.71c 249.917000 Es_252_293.6K.ace 0 1 1 235400 0 0 2.530E-08
99253.71c 250.911000 Es_253_293.6K.ace 0 1 1 228371 0 0 2.530E-08
99254.71c 251.905000 Es_254_293.6K.ace 0 1 1 243793 0 0 2.530E-08
99654.71c 251.905000 Es_254m1_293.6K.ace 0 1 1 257997 0 0 2.530E-08
99255.71c 252.899000 Es_255_293.6K.ace 0 1 1 214852 0 0 2.530E-08
100255.71c 252.899000 Fm_255_293.6K.ace 0 1 1 265749 0 0 2.530E-08
