datapath 
atomic weight ratios
   0001  1.000000      0001  1.000000
   1000  0.99931697    1001  0.99916732   1002  1.99679966   1003  2.99013994
   2000  3.96821760    2003  2.99012015   2004  3.96821894
   3000  6.88131188    3006  5.96344945   3007  6.95573316
   4000  8.93476310    4007  6.95665041   4009  8.93476310
   5000  10.7181562    5010  9.92692102   5011  10.9147302
   6000  11.9078563    6012  11.8969142   6013  12.8916497   6014  13.8829473
   7000  13.8863986    7014  13.8827808   7015  14.8712507   7016  15.8686012
   8000  15.8618629    8016  15.8575105   8017  16.8531007   8018  17.8445389
                       8019  18.8403287
   9000  18.8351977     9018  17.8463008    9019  18.8351977
  10000  20.0066900    10020  19.8206954   10021  20.8134994  10022  21.8024688
  11000  22.7922764    11022  21.9944364   11023  22.7922764
  12000  24.0962596    12023  22.7965941   12024  23.7789987  12025  24.7711965
                       12026  25.7593899   12027  26.7525321
  13000  26.7497539    13026  25.7636516   13027  26.7497539  13028  27.7415320
  14000  27.8442403    14027  26.7548758   14028  27.7365911  14029  28.7275725
                       14030  29.7162809   14031  30.7092698
  15000  30.7076818    15031  30.7076818
  16000  31.7889394    16031  30.7134250   16032  31.6974150  16033  32.6882176
                       16034  33.6760663   16035  34.6686311  16036  35.6581061
                       16037  36.6535257
  17000  35.1481816    17034  33.6819108   17035  34.6684532  17036  35.6593217
                       17037  36.6483475   17038  37.6418469
  18000  39.6044909    18036  35.6585675   18037  36.6492133  18038  37.6366138
                       18039  38.6295910   18040  39.6190868  18041  40.6125958
                       18042  41.6025634   18043  42.5965747
  19000  38.7624279    19038  37.6429072   19039  38.6289896  19040  39.6206885
                       19041  40.6099439   19042  41.6019256  19043  42.5916623
                       19044  43.5839050   19045  44.5744654  19046  45.5671404
  20000  39.7337331    20039  38.6359403   20040  39.6192930  20041  40.6103924
                       20042  41.5981734   20043  42.5897301  20044  43.5778821
                       20045  44.5699904   20046  45.5589282  20047  46.5511840
                       20048  47.5405979   20049  48.5351202
  21000  44.5697171    21044  43.5817704   21045  44.5697171  21046  45.5603930
                       21047  46.5490640   21048  47.5403019
  22000  47.4671267    22045  44.5719122   22046  45.5578740  22047  46.5484253
                       22048  47.5360508   22049  48.5273847  22050  49.5157420
                       22051  50.5089598
  23000  50.5038596    23047  46.5515414   23048  47.5403213  23049  48.5280253
                       23050  49.5180923   23051  50.5063302  23052  51.4985487
                       23053  52.4895248   23054  53.4830182
  24000  51.5494654    24049  48.5308253   24050  49.5169887  24051  50.5071314
                       24052  51.4943176   24053  52.4858678  24054  53.4755236
                       24055  54.4688756   24056  55.4600879  24057  56.4545792
  25000  54.4661050    25051  50.5105455   25052  51.4993323  25053  52.4865032
                       25054  53.4769893   25055  54.4661050  25056  55.4583669
                       25057  56.4491598   25058  57.4422538
  26000  55.3670672    26053  52.4904863   26054  53.4762473  26055  54.4663513
                       26056  55.4544337   26057  56.4462959  26058  57.4356054
                       26059  58.4286012   26060  59.4192140  26061  60.4132731
  27000  58.4269353    27057  56.4471857   27058  57.4380612  27059  58.4269353
                       27060  59.4189615   27061  60.4090397  27062  61.4020105
                       27063  62.3929848   27064  63.3865737  27108  57.4380612
                       27098  57.4381090          
  28000  58.1891568    28057  56.4506599   28058  57.4376551  28059  58.4280768
                       28060  59.4159560   28061  60.4076330  28062  61.3963541
                       28063  62.3890764   28064  63.3787972  28065  64.3723069
  29000  62.9997558    29062  61.4005562   29063  62.3890052  29064  63.3805800
                       29065  64.3700323   29066  65.3625119
  30000  64.8345785    30064  63.3799641   30065  64.3715261  30066  65.3597000
                       30067  66.3521942   30068  67.3413400  30070  69.3246323
  31000  69.1241164    31069  68.3334766   31071  70.3154273
  32000  71.9677766    32070  69.3235670   32072  71.3042305  32073  72.2970113
                       32074  73.2861593   32076  75.2692009
  33000  74.2779834    33072  71.3088668   33073  72.2973741  33074  73.2888865
                       33075  74.2779834
  34000  78.2812872    34074  73.2874465   34076  75.2670311  34077  76.2591351
                       34078  77.2479619   34079  78.2405000  34080  79.2300000
                       34082  81.2129957
  35000  79.2171183    35079  78.2403907   35081  80.2211807
  36000  83.0801410    36078  77.2510122   36080  79.2298574  36082  81.2098079
                       36083  82.2018631   36084  83.1906659  36085  84.1831000
                       36086  85.1725963
  37000  84.7335543    37085  84.1823557   37086  85.1731000  37087  86.1625913
  38000  86.8639767    38084  83.1925676   38086  85.1712599  38087  86.1622897
                       38088  87.1504623   38089  88.1440000  38090  89.1353000
  39000  88.1421034    39086  85.1768370   39087  86.1642711  39088  87.1543179
                       39089  88.1421034   39090  89.1348052  39091  90.1263654
                       39092  91.1194042   39093  92.1114430
  40000  90.4399916    40088  87.1550345   40089  88.1451183  40090  89.1323785
                       40091  90.1247212   40092  91.1155311  40093  92.1083638
                       40094  93.0996148   40095  94.0927364  40096  95.0843769
                       40097  96.0784384
  41000  92.1082665    41091  90.1260552   41092  91.1176657  41093  92.1082665
                       41094  93.1005742   41095  94.0915392  41096  95.0842028
                       41097  96.0756094   41098  97.0692333  41100  99.0558700
  42000  95.1071951    42090  89.1415317   42091  90.1307745  42092  91.1172862
                       42093  92.1086974   42094  93.0983971  42095  94.0905541
                       42096  95.0808110   42097  96.0735511  42098  97.0643527
                       42099  98.0580462   42100  99.0492233  42101  100.043478
  43000  96.0740000    43097  96.0738920   43098  97.0661450  43099  98.0566017
  44000  100.201505    44096  95.0837047   44098  97.0642330  44099  98.0562891
                       44100  99.0459938   44101  100.038754  44102  101.028942
                       44103  102.022308   44104  103.012832  44105  104.010000
                       44106  104.997000
  45000  102.021496    45103  102.021496   45105  104.004501  45117  115.544640
  46000  105.501169    46102  101.030189   46104  103.011449  46105  104.003898
                       46106  104.993721   46107  105.987000  46108  106.976947
                       46110  108.961014   46119  117.52551
  47000  106.941511    47106  104.996877   47107  105.986726  47108  106.978989
                       47109  107.969211   47110  108.961963  47111  109.953000
                       47190  108.962000  
  48000  111.445883    48106  104.996670   48108  106.977234  48110  108.958885
                       48111  109.951461   48112  110.941458  48113  111.934497
                       48114  112.924873   48115  113.918000  48116  114.909077
                       48195  113.918000 
  49000  113.831545    49113  111.934160   49115  113.916798  49120  118.490609
                       49125  118.490609
  50000  117.691126    50112  110.943504   50113  111.935000  50114  112.924301
                       50115  113.916270   50116  114.906092  50117  115.898700
                       50118  116.888774   50119  117.881872  50120  118.872178
                       50122  120.856230   50123  121.850000  50124  122.840868
                       50125  123.835000   50126  124.826000
  51000  120.710837    51121  119.865195   51123  121.848409  51124  122.842000
                       51125  123.832000   51126  124.826000
  52000  126.492160    52120  118.873986   52122  120.855841  52123  121.848465
                       52124  122.838434   52125  123.831435  52126  124.821735
                       52127  125.815000   52128  126.805700  52129  127.800000
                       52130  128.790265   52132  130.775000  52197  125.815000 
                       52199  127.800000 
  53000  125.814297    53127  125.814297   53129  127.797631  53130  128.791000
                       53131  129.781000   53135  133.751107
  54000  130.165210    54123  121.850000   54124  122.841484  54126  124.822690
                       54128  126.804777   54129  127.797425  54130  128.787574
                       54131  129.780544   54132  130.771034  54133  131.764000
                       54134  132.755082   54135  133.748289  54136  134.739710
  55000  131.763724    55133  131.763724   55134  132.756390  55135  133.747064
                       55136  134.739796   55137  135.730985
  56000  136.147201    56130  128.790352   56132  130.771927  56133  131.764000
                       56134  132.754198   56135  133.746777  56136  134.737084
                       56137  135.729734   56138  136.720568  56140  138.722000
  57000  137.712181    57138  136.722418   57139  137.713075  57140  138.708000
  58000  138.911205    58136  134.739635   58138  136.721306  58139  137.713000
                       58140  138.703578   58141  139.700000  58142  140.690170
                       58143  141.685000   58144  142.678000
  59000  139.697182    59141  139.697182   59142  140.691000  59143  141.683000
  60000  143.003225    60142  140.688662   60143  141.682145  60144  142.673825
                       60145  143.667699   60146  144.659647  60147  145.654015
                       60148  146.646210   60150  148.632993
  61000  143.668000    61145  143.667873   61147  145.653061  61148  146.646785
                       61149  147.639048   61151  149.625000  61198  146.646785
                       61248  146.646925
  62000  149.068569    62144  142.675721   62147  145.652823  62148  146.644158
                       62149  147.637908   62150  148.629409  62151  149.623453
                       62152  150.614664   62153  151.608000  62154  152.599939
  63000  150.659117    63151  149.623371   63152  150.616659  63153  151.607558
                       63154  152.600702   63155  153.592026  63156  154.586000
                       63157  155.577000
  64000  155.901247    64150  148.630781   64151  149.623865  64152  150.614723
                       64153  151.608000   64154  152.598607  64155  153.592000
                       64156  154.582673   64157  155.575903  64158  156.567456
                       64160  158.553199
  65000  157.560097    65159  157.560097   65160  158.553000
  66000  161.101597    66156  154.584813   66158  156.567757  66160  158.551358
                       66161  159.544489   66162  160.535765  66163  161.529090
                       66164  162.520940
  67000  163.513487    67163  161.529093   67164  162.521990  67165  163.513487
                       67166  164.506842   67196  164.507000 
  68000  165.818892    68162  160.537728   68164  162.520965  68166  164.504868
                       68167  165.498018   68168  166.489747  68170  168.475632
  69000  167.482984    69166  164.508103   69167  165.498814  69168  166.491534
                       69169  167.482984   69170  168.475967  69171  169.467999
                       69172  170.461362   69173  171.453965
  70000  171.547739    70168  166.491261   70170  168.474936  70171  169.467896
                       70172  170.459360   70173  171.452583  70174  172.444639
                       70176  174.431136
  71000  173.463668    71173  171.453297   71174  172.446101  71175  173.437942
                       71176  174.431249   71177  175.423722
  72000  176.953118    72174  172.445810   72175  173.438670  72176  174.429979
                       72177  175.423192   72178  176.415075  72179  177.408583
                       72180  178.400720   72181  179.394658  72183  181.381871
  73000  179.393446    73179  177.408701   73180  178.401629  73181  179.393565
                       73182  180.387112   73183  181.379732  73184  182.373755
                       73186  184.361076
  74000  182.269538    74179  177.409829   74180  178.400876  74181  179.393765
                       74182  180.385182   74183  181.378593  74184  182.370704
                       74185  183.364581   74186  184.356924  74187  185.351105
                       74188  186.343832
  75000  184.607099    75184  182.372283   75185  183.364120  75186  184.357543
                       75187  185.349710   75188  186.343461
  76000  188.605524    76184  182.372249   76186  184.356404  76187  185.349707
                       76188  186.341204   76189  187.334902  76190  188.326610
                       76192  190.312436
  77000  190.564824    77188  186.344194   77189  187.335469  77190  188.328738
                       77191  189.320147   77192  190.313550  77193  191.305278
                       77194  192.298821   77195  193.291124
  78000  193.404281    78190  188.328082   78192  190.311996  78193  191.305338
                       78194  192.296430   78195  193.289932  78196  194.281501
                       78197  195.275278   78198  196.267236  78199  197.261322
  79000  195.274513    79193  191.306476   79194  192.299082  79195  193.290173
                       79196  194.283103   79197  195.274513  79198  196.267582
                       79199  197.259510   79200  198.252872
  80000  198.875905    80196  194.282373   80198  196.266121  80199  197.259028
                       80200  198.250484   80201  199.243853  80202  200.235600
                       80203  201.229221   80204  202.221244
  81000  202.627565    81202  200.237052   81203  201.228698  81204  202.221614
                       81205  203.213582
  82000  205.436797    82202  200.237105   82203  201.229735  82204  202.220801
                       82205  203.213637   82206  204.205028  82207  205.197857
                       82208  206.190015   82209  207.185826  82210  208.180307
  83000  207.185140    83205  203.216519   83206  204.209027  83207  205.200409
                       83208  206.193080   83209  207.185140  83210  208.180239
  84000  207.205000    84205  203.220277   84206  204.210993  84207  205.203506
                       84208  206.194571   84209  207.187155  84210  208.179002
  85000  208.196000    85206  204.217074   85208  206.199876  85209  207.190866
                       85210  208.183240   85215  213.151698
  86000  220.111000    86211  209.178074   86218  216.132812  86219  217.128077
                       86220  218.121379   86222  220.110331
  87000  221.084000    87221  219.115626   87223  221.103883
  88000  224.084000    88222  220.108142   88223  221.102660  88224  222.095759
                       88225  223.090542   88226  224.083734  88227  225.078880
  89000  225.050000    89223  221.103283   89224  222.097253  89225  223.090162
                       89226  224.084416   89227  225.077468  89228  226.072117
  90000  230.044730    90227  225.077420   90228  226.069853  90229  227.064261
                       90230  228.057030   90231  229.051583  90232  230.044730
                       90233  231.039636   90234  232.033047
  91000  229.051000    91229  227.064591   91230  228.058424  91231  229.051168
                       91232  230.045257   91233  231.038311
  92000  235.984128    92229  227.065987   92230  228.057824  92231  229.051575
                       92232  230.043834   92233  231.037704  92234  232.030420
                       92235  233.024781   92236  234.017816  92237  235.012360
                       92238  236.005810   92239  237.000695  92240  237.994383
                       92241  238.989500
  93000  235.012000    93234  232.032565   93235  233.024913  93236  234.018805
                       93237  235.011808   93238  236.005967  93239  236.999350
  94000  241.968000    94236  234.018298   94237  235.012043  94238  236.004592
                       94239  236.998582   94240  237.991628  94241  238.986050
                       94242  239.979334   94243  240.973976  94244  241.967567
                       94245  242.962487   94246  243.956336
  95000  240.912000    95240  237.993096   95241  238.986027  95242  239.980134
                       95243  240.973357   95244  241.967648  95292  239.980134
                       95294  241.967648   95342  239.980359  95344  241.967875
  96000  244.878000    96240  237.993553   96241  238.986844  96242  239.979426
                       96243  240.973367   96244  241.966128  96245  242.960254
                       96246  243.953380   96247  244.947892  96248  245.941280
                       96249  246.936000   96250  247.930000
  97000  244.878000    97245  242.961116   97246  243.954817  97247  244.947844
                       97248  245.942011   97249  246.935305  97250  247.930000
  98000  248.844000    98246  243.955178   98248  245.941349  98249  246.935173
                       98250  247.928122   98251  248.922684  98252  249.916116
                       98253  250.910000   98254  251.905000
  99000  251.818000    99240  238.006611   99241  238.997765  99242  239.990202
                       99243  240.981544   99244  241.974280  99245  242.966035
                       99246  243.959078   99247  244.951167  99248  245.944369
                       99249  246.936717   99250  247.930357  99251  248.923084
                       99252  249.917457   99253  250.910696  99254  251.905276
                       99255  252.898917   99256  253.893623  99257  254.887399
                       99294  251.905513          
 100000  254.792000   100255  252.899000
Dec/2011
directory
    Al.71t   26.749750 al.acer       0 1 1  117721 0 0 2.530E-08
 BeBeO.71t    8.934780 bebeo.acer    0 1 1  118030 0 0 2.530E-08
    Be.71t    8.934780 be.acer       0 1 1  117936 0 0 2.551E-08
  Benz.71t    0.999167 benzine.acer  0 1 1  117721 0 0 2.551E-08
  DD2O.71t    1.996800 dd2o.acer     0 1 1  117721 0 0 2.530E-08
    Fe.71t   55.454000 fe.acer       0 1 1  117721 0 0 2.530E-08
 Graph.71t   11.898000 graphite.acer 0 1 1  118054 0 0 2.551E-08
  HCH2.71t    0.999167 hch2.acer     0 1 1  118274 0 0 2.551E-08
  HH2O.71t    0.999167 hh2o.acer     0 1 1  117721 0 0 2.530E-08
  HZrH.71t    0.999167 hzrh.acer     0 1 1  118362 0 0 2.551E-08
  lCH4.71t    0.999167 lch4.acer     0 1 1  117721 0 0 8.617E-09
  OBeO.71t   15.857510 obeo.acer     0 1 1  117721 0 0 2.530E-08
orthoD.71t    1.996800 orthod.acer   0 1 1  117721 0 0 1.637E-09
orthoH.71t    0.999167 orthoh.acer   0 1 1  117721 0 0 1.723E-09
  OUO2.71t   15.857510 ouo2.acer     0 1 1  117721 0 0 2.551E-08
 paraD.71t    1.996800 parad.acer    0 1 1  117721 0 0 1.637E-09
 paraH.71t    0.999167 parah.acer    0 1 1  117721 0 0 1.723E-09
  sCH4.71t    0.999167 sch4.acer     0 1 1  117721 0 0 1.896E-09
  UUO2.71t  236.005800 uuo2.acer     0 1 1  117721 0 0 2.551E-08
 ZrZrH.71t   89.132400 zrzrh.acer    0 1 1  118314 0 0 2.551E-08
1001.71c 0.999167 H_001_300K.ace 0 1 1 8177 0 0 2.585E-08
1002.71c 1.996800 H_002_300K.ace 0 1 1 10464 0 0 2.585E-08
1003.71c 2.989596 H_003_300K.ace 0 1 1 11728 0 0 2.585E-08
2003.71c 2.989032 He_003_300K.ace 0 1 1 10005 0 0 2.585E-08
2004.71c 3.968219 He_004_300K.ace 0 1 1 10426 0 0 2.585E-08
3006.71c 5.963400 Li_006_300K.ace 0 1 1 35810 0 0 2.585E-08
3007.71c 6.955732 Li_007_300K.ace 0 1 1 19687 0 0 2.585E-08
4007.71c 6.954500 Be_007_300K.ace 0 1 1 32759 0 0 2.585E-08
4009.71c 8.934780 Be_009_300K.ace 0 1 1 580783 0 0 2.585E-08
5010.71c 9.926921 B_010_300K.ace 0 1 1 54514 0 0 2.585E-08
5011.71c 10.914700 B_011_300K.ace 0 1 1 150152 0 0 2.585E-08
6000.71c 11.898000 C_000_300K.ace 0 1 1 79689 0 0 2.585E-08
7014.71c 13.882780 N_014_300K.ace 0 1 1 145462 0 0 2.585E-08
7015.71c 14.871000 N_015_300K.ace 0 1 1 31827 0 0 2.585E-08
8016.71c 15.857510 O_016_300K.ace 0 1 1 409224 0 0 2.585E-08
8017.71c 16.853100 O_017_300K.ace 0 1 1 8170 0 0 2.585E-08
9019.71c 18.835000 F_019_300K.ace 0 1 1 130470 0 0 2.585E-08
11022.71c 21.805500 Na_022_300K.ace 0 1 1 18551 0 0 2.585E-08 ptable
11023.71c 22.792000 Na_023_300K.ace 0 1 1 71649 0 0 2.585E-08
12024.71c 23.779000 Mg_024_300K.ace 0 1 1 49283 0 0 2.585E-08
12025.71c 24.771200 Mg_025_300K.ace 0 1 1 47046 0 0 2.585E-08
12026.71c 25.759400 Mg_026_300K.ace 0 1 1 37797 0 0 2.585E-08
13027.71c 26.749750 Al_027_300K.ace 0 1 1 235583 0 0 2.585E-08
14028.71c 27.737000 Si_028_300K.ace 0 1 1 268661 0 0 2.585E-08
14029.71c 28.728000 Si_029_300K.ace 0 1 1 253403 0 0 2.585E-08
14030.71c 29.716000 Si_030_300K.ace 0 1 1 199375 0 0 2.585E-08
15031.71c 30.708000 P_031_300K.ace 0 1 1 71985 0 0 2.585E-08
16032.71c 31.697300 S_032_300K.ace 0 1 1 135587 0 0 2.585E-08
16033.71c 32.687800 S_033_300K.ace 0 1 1 56813 0 0 2.585E-08
16034.71c 33.676200 S_034_300K.ace 0 1 1 40845 0 0 2.585E-08
16036.71c 35.658000 S_036_300K.ace 0 1 1 28872 0 0 2.585E-08
17035.71c 34.668450 Cl_035_300K.ace 0 1 1 637205 0 0 2.585E-08
17037.71c 36.648300 Cl_037_300K.ace 0 1 1 217485 0 0 2.585E-08
18036.71c 35.658500 Ar_036_300K.ace 0 1 1 17752 0 0 2.585E-08 ptable
18038.71c 37.636600 Ar_038_300K.ace 0 1 1 15738 0 0 2.585E-08 ptable
18040.71c 39.619100 Ar_040_300K.ace 0 1 1 203549 0 0 2.585E-08
19039.71c 38.629300 K_039_300K.ace 0 1 1 275763 0 0 2.585E-08
19040.71c 39.620700 K_040_300K.ace 0 1 1 39638 0 0 2.585E-08
19041.71c 40.610100 K_041_300K.ace 0 1 1 332302 0 0 2.585E-08
20040.71c 39.619300 Ca_040_300K.ace 0 1 1 389077 0 0 2.585E-08
20042.71c 41.598180 Ca_042_300K.ace 0 1 1 323413 0 0 2.585E-08
20043.71c 42.589730 Ca_043_300K.ace 0 1 1 356299 0 0 2.585E-08
20044.71c 43.577880 Ca_044_300K.ace 0 1 1 225938 0 0 2.585E-08
20046.71c 45.558930 Ca_046_300K.ace 0 1 1 168259 0 0 2.585E-08
20048.71c 47.540600 Ca_048_300K.ace 0 1 1 146851 0 0 2.585E-08
21045.71c 44.567900 Sc_045_300K.ace 0 1 1 292489 0 0 2.585E-08
22046.71c 45.557900 Ti_046_300K.ace 0 1 1 291963 0 0 2.585E-08
22047.71c 46.548400 Ti_047_300K.ace 0 1 1 231938 0 0 2.585E-08
22048.71c 47.536100 Ti_048_300K.ace 0 1 1 264564 0 0 2.585E-08
22049.71c 48.527400 Ti_049_300K.ace 0 1 1 216015 0 0 2.585E-08
22050.71c 49.515700 Ti_050_300K.ace 0 1 1 161727 0 0 2.585E-08
23000.70c 50.504000 V_000_300K.ace  0 1 1 202482 0 0 2.585E-08
23050.71c 49.518100 V_050_300K.ace 0 1 1 274808 0 0 2.585E-08
23051.71c 50.506300 V_051_300K.ace 0 1 1 396052 0 0 2.585E-08
24050.71c 49.517000 Cr_050_300K.ace 0 1 1 442969 0 0 2.585E-08
24052.71c 51.494000 Cr_052_300K.ace 0 1 1 450288 0 0 2.585E-08
24053.71c 52.486000 Cr_053_300K.ace 0 1 1 375328 0 0 2.585E-08
24054.71c 53.476000 Cr_054_300K.ace 0 1 1 276438 0 0 2.585E-08
25055.71c 54.466100 Mn_055_300K.ace 0 1 1 588651 0 0 2.585E-08 ptable
26054.71c 53.476000 Fe_054_300K.ace 0 1 1 333449 0 0 2.585E-08
26056.71c 55.454000 Fe_056_300K.ace 0 1 1 504633 0 0 2.585E-08
26057.71c 56.446000 Fe_057_300K.ace 0 1 1 321778 0 0 2.585E-08
26058.71c 57.436000 Fe_058_300K.ace 0 1 1 172989 0 0 2.585E-08
27058.71c 57.438100 Co_058_300K.ace 0 1 1 247620 0 0 2.585E-08 ptable
27098.71c 57.438100 Co_058m1_300K.ace 0 1 1 16796 0 0 2.585E-08
27059.71c 58.426900 Co_059_300K.ace 0 1 1 280875 0 0 2.585E-08
28058.71c 57.438000 Ni_058_300K.ace 0 1 1 695677 0 0 2.585E-08
28059.71c 58.428100 Ni_059_300K.ace 0 1 1 65362 0 0 2.585E-08
28060.71c 59.416000 Ni_060_300K.ace 0 1 1 625120 0 0 2.585E-08
28061.71c 60.408000 Ni_061_300K.ace 0 1 1 284071 0 0 2.585E-08
28062.71c 61.396000 Ni_062_300K.ace 0 1 1 254541 0 0 2.585E-08 ptable
28064.71c 63.379000 Ni_064_300K.ace 0 1 1 220942 0 0 2.585E-08
29063.71c 62.389000 Cu_063_300K.ace 0 1 1 357607 0 0 2.585E-08
29065.71c 64.370000 Cu_065_300K.ace 0 1 1 314119 0 0 2.585E-08
30064.71c 63.380000 Zn_064_300K.ace 0 1 1 528083 0 0 2.585E-08 ptable
30065.71c 64.371500 Zn_065_300K.ace 0 1 1 201670 0 0 2.585E-08 ptable
30066.71c 65.359700 Zn_066_300K.ace 0 1 1 383705 0 0 2.585E-08 ptable
30067.71c 66.352200 Zn_067_300K.ace 0 1 1 517496 0 0 2.585E-08 ptable
30068.71c 67.341300 Zn_068_300K.ace 0 1 1 290616 0 0 2.585E-08 ptable
30070.71c 69.324600 Zn_070_300K.ace 0 1 1 257389 0 0 2.585E-08 ptable
31069.71c 68.333600 Ga_069_300K.ace 0 1 1 90021 0 0 2.585E-08
31071.71c 70.315000 Ga_071_300K.ace 0 1 1 79078 0 0 2.585E-08
32070.71c 69.323600 Ge_070_300K.ace 0 1 1 417220 0 0 2.585E-08 ptable
32072.71c 71.304200 Ge_072_300K.ace 0 1 1 248181 0 0 2.585E-08 ptable
32073.71c 72.297000 Ge_073_300K.ace 0 1 1 627739 0 0 2.585E-08 ptable
32074.71c 73.286200 Ge_074_300K.ace 0 1 1 130472 0 0 2.585E-08 ptable
32076.71c 75.269200 Ge_076_300K.ace 0 1 1 134068 0 0 2.585E-08 ptable
33074.71c 73.288900 As_074_300K.ace 0 1 1 278547 0 0 2.585E-08 ptable
33075.71c 74.278000 As_075_300K.ace 0 1 1 423698 0 0 2.585E-08 ptable
34074.71c 73.287500 Se_074_300K.ace 0 1 1 77396 0 0 2.585E-08 ptable
34076.71c 75.267000 Se_076_300K.ace 0 1 1 134182 0 0 2.585E-08 ptable
34077.71c 76.259100 Se_077_300K.ace 0 1 1 154513 0 0 2.585E-08 ptable
34078.71c 77.247900 Se_078_300K.ace 0 1 1 98688 0 0 2.585E-08 ptable
34079.71c 78.240500 Se_079_300K.ace 0 1 1 111656 0 0 2.585E-08 ptable
34080.71c 79.230000 Se_080_300K.ace 0 1 1 110956 0 0 2.585E-08 ptable
34082.71c 81.213000 Se_082_300K.ace 0 1 1 53255 0 0 2.585E-08 ptable
35079.71c 78.240300 Br_079_300K.ace 0 1 1 303799 0 0 2.585E-08 ptable
35081.71c 80.221200 Br_081_300K.ace 0 1 1 281988 0 0 2.585E-08 ptable
36078.71c 77.250990 Kr_078_300K.ace 0 1 1 805865 0 0 2.585E-08 ptable
36080.71c 79.229900 Kr_080_300K.ace 0 1 1 109659 0 0 2.585E-08 ptable
36082.71c 81.209800 Kr_082_300K.ace 0 1 1 75068 0 0 2.585E-08 ptable
36083.71c 82.202000 Kr_083_300K.ace 0 1 1 62916 0 0 2.585E-08 ptable
36084.71c 83.190700 Kr_084_300K.ace 0 1 1 134218 0 0 2.585E-08
36085.71c 84.183100 Kr_085_300K.ace 0 1 1 190014 0 0 2.585E-08 ptable
36086.71c 85.172600 Kr_086_300K.ace 0 1 1 137748 0 0 2.585E-08
37085.71c 84.182400 Rb_085_300K.ace 0 1 1 198008 0 0 2.585E-08 ptable
37086.71c 85.173100 Rb_086_300K.ace 0 1 1 260766 0 0 2.585E-08 ptable
37087.71c 86.162600 Rb_087_300K.ace 0 1 1 72205 0 0 2.585E-08 ptable
38084.71c 83.192600 Sr_084_300K.ace 0 1 1 171560 0 0 2.585E-08 ptable
38086.71c 85.171300 Sr_086_300K.ace 0 1 1 91566 0 0 2.585E-08 ptable
38087.71c 86.162300 Sr_087_300K.ace 0 1 1 165173 0 0 2.585E-08 ptable
38088.71c 87.150000 Sr_088_300K.ace 0 1 1 134173 0 0 2.585E-08
38089.71c 88.144000 Sr_089_300K.ace 0 1 1 73710 0 0 2.585E-08 ptable
38090.71c 89.135300 Sr_090_300K.ace 0 1 1 47357 0 0 2.585E-08 ptable
39089.71c 88.142100 Y_089_300K.ace 0 1 1 334082 0 0 2.585E-08
39090.71c 89.134800 Y_090_300K.ace 0 1 1 273954 0 0 2.585E-08 ptable
39091.71c 90.126400 Y_091_300K.ace 0 1 1 98542 0 0 2.585E-08 ptable
40090.71c 89.132400 Zr_090_300K.ace 0 1 1 211503 0 0 2.585E-08 ptable
40091.71c 90.124700 Zr_091_300K.ace 0 1 1 553874 0 0 2.585E-08 ptable
40092.71c 91.115500 Zr_092_300K.ace 0 1 1 337084 0 0 2.585E-08 ptable
40093.71c 92.108400 Zr_093_300K.ace 0 1 1 527798 0 0 2.585E-08 ptable
40094.71c 93.099600 Zr_094_300K.ace 0 1 1 320698 0 0 2.585E-08 ptable
40095.71c 94.092700 Zr_095_300K.ace 0 1 1 261134 0 0 2.585E-08 ptable
40096.71c 95.084400 Zr_096_300K.ace 0 1 1 220872 0 0 2.585E-08
41093.71c 92.105100 Nb_093_300K.ace 0 1 1 410349 0 0 2.585E-08
41094.71c 93.100600 Nb_094_300K.ace 0 1 1 121326 0 0 2.585E-08 ptable
41095.71c 94.091500 Nb_095_300K.ace 0 1 1 91055 0 0 2.585E-08 ptable
42092.71c 91.117300 Mo_092_300K.ace 0 1 1 246054 0 0 2.585E-08 ptable
42094.71c 93.098400 Mo_094_300K.ace 0 1 1 263224 0 0 2.585E-08 ptable
42095.71c 94.090600 Mo_095_300K.ace 0 1 1 284954 0 0 2.585E-08 ptable
42096.71c 95.080800 Mo_096_300K.ace 0 1 1 278479 0 0 2.585E-08 ptable
42097.71c 96.073500 Mo_097_300K.ace 0 1 1 302060 0 0 2.585E-08 ptable
42098.71c 97.064300 Mo_098_300K.ace 0 1 1 327475 0 0 2.585E-08 ptable
42099.71c 98.058000 Mo_099_300K.ace 0 1 1 74153 0 0 2.585E-08 ptable
42100.71c 99.049000 Mo_100_300K.ace 0 1 1 192161 0 0 2.585E-08 ptable
43099.71c 98.056600 Tc_099_300K.ace 0 1 1 728227 0 0 2.585E-08 ptable
44096.71c 95.083700 Ru_096_300K.ace 0 1 1 82288 0 0 2.585E-08 ptable
44098.71c 97.064200 Ru_098_300K.ace 0 1 1 81957 0 0 2.585E-08 ptable
44099.71c 98.056200 Ru_099_300K.ace 0 1 1 139093 0 0 2.585E-08 ptable
44100.71c 99.046000 Ru_100_300K.ace 0 1 1 176169 0 0 2.585E-08 ptable
44101.71c 100.039000 Ru_101_300K.ace 0 1 1 311448 0 0 2.585E-08 ptable
44102.71c 101.030000 Ru_102_300K.ace 0 1 1 204671 0 0 2.585E-08 ptable
44103.71c 102.020000 Ru_103_300K.ace 0 1 1 114817 0 0 2.585E-08 ptable
44104.71c 103.010000 Ru_104_300K.ace 0 1 1 178139 0 0 2.585E-08 ptable
44105.71c 104.010000 Ru_105_300K.ace 0 1 1 56412 0 0 2.585E-08
44106.71c 104.997000 Ru_106_300K.ace 0 1 1 44764 0 0 2.585E-08 ptable
45103.71c 102.021000 Rh_103_300K.ace 0 1 1 478004 0 0 2.585E-08 ptable
45105.71c 104.000000 Rh_105_300K.ace 0 1 1 63830 0 0 2.585E-08 ptable
46102.71c 101.030200 Pd_102_300K.ace 0 1 1 198827 0 0 2.585E-08
46104.71c 103.011400 Pd_104_300K.ace 0 1 1 707879 0 0 2.585E-08
46105.71c 104.004000 Pd_105_300K.ace 0 1 1 419032 0 0 2.585E-08 ptable
46106.71c 104.993700 Pd_106_300K.ace 0 1 1 588889 0 0 2.585E-08
46107.71c 105.987000 Pd_107_300K.ace 0 1 1 178990 0 0 2.585E-08 ptable
46108.71c 106.976900 Pd_108_300K.ace 0 1 1 576215 0 0 2.585E-08
46110.71c 108.961000 Pd_110_300K.ace 0 1 1 528571 0 0 2.585E-08
47107.71c 105.987000 Ag_107_300K.ace 0 1 1 425526 0 0 2.585E-08 ptable
47109.71c 107.969000 Ag_109_300K.ace 0 1 1 585995 0 0 2.585E-08 ptable
47190.71c 108.962000 Ag_110m1_300K.ace 0 1 1 138204 0 0 2.585E-08 ptable
47111.71c 109.953000 Ag_111_300K.ace 0 1 1 252507 0 0 2.585E-08 ptable
48106.71c 104.996000 Cd_106_300K.ace 0 1 1 164050 0 0 2.585E-08 ptable
48108.71c 106.977000 Cd_108_300K.ace 0 1 1 109245 0 0 2.585E-08 ptable
48110.71c 108.959000 Cd_110_300K.ace 0 1 1 151470 0 0 2.585E-08 ptable
48111.71c 109.951000 Cd_111_300K.ace 0 1 1 266532 0 0 2.585E-08 ptable
48112.71c 110.942000 Cd_112_300K.ace 0 1 1 183832 0 0 2.585E-08 ptable
48113.71c 111.930000 Cd_113_300K.ace 0 1 1 363867 0 0 2.585E-08 ptable
48114.71c 112.925000 Cd_114_300K.ace 0 1 1 117272 0 0 2.585E-08 ptable
48195.71c 113.918000 Cd_115m1_300K.ace 0 1 1 220147 0 0 2.585E-08 ptable
48116.71c 114.909000 Cd_116_300K.ace 0 1 1 78532 0 0 2.585E-08 ptable
49113.71c 111.934000 In_113_300K.ace 0 1 1 179689 0 0 2.585E-08 ptable
49115.71c 113.917000 In_115_300K.ace 0 1 1 287842 0 0 2.585E-08 ptable
50112.71c 110.944000 Sn_112_300K.ace 0 1 1 123789 0 0 2.585E-08 ptable
50113.71c 111.935000 Sn_113_300K.ace 0 1 1 552232 0 0 2.585E-08 ptable
50114.71c 112.925000 Sn_114_300K.ace 0 1 1 127562 0 0 2.585E-08 ptable
50115.71c 113.916000 Sn_115_300K.ace 0 1 1 92299 0 0 2.585E-08 ptable
50116.71c 114.906000 Sn_116_300K.ace 0 1 1 261217 0 0 2.585E-08 ptable
50117.71c 115.899000 Sn_117_300K.ace 0 1 1 146117 0 0 2.585E-08 ptable
50118.71c 116.889000 Sn_118_300K.ace 0 1 1 71658 0 0 2.585E-08 ptable
50119.71c 117.882000 Sn_119_300K.ace 0 1 1 123259 0 0 2.585E-08 ptable
50120.71c 118.872000 Sn_120_300K.ace 0 1 1 231955 0 0 2.585E-08 ptable
50122.71c 120.856000 Sn_122_300K.ace 0 1 1 357973 0 0 2.585E-08
50123.71c 121.850000 Sn_123_300K.ace 0 1 1 63555 0 0 2.585E-08 ptable
50124.71c 122.841000 Sn_124_300K.ace 0 1 1 237805 0 0 2.585E-08
50125.71c 123.835000 Sn_125_300K.ace 0 1 1 173815 0 0 2.585E-08 ptable
50126.71c 124.826000 Sn_126_300K.ace 0 1 1 45336 0 0 2.585E-08 ptable
51121.71c 119.870000 Sb_121_300K.ace 0 1 1 286322 0 0 2.585E-08 ptable
51123.71c 121.850000 Sb_123_300K.ace 0 1 1 258848 0 0 2.585E-08 ptable
51124.71c 122.842000 Sb_124_300K.ace 0 1 1 59223 0 0 2.585E-08 ptable
51125.71c 123.832000 Sb_125_300K.ace 0 1 1 109841 0 0 2.585E-08 ptable
51126.71c 124.826000 Sb_126_300K.ace 0 1 1 292127 0 0 2.585E-08 ptable
52120.71c 118.874000 Te_120_300K.ace 0 1 1 73617 0 0 2.585E-08 ptable
52122.71c 120.856000 Te_122_300K.ace 0 1 1 300098 0 0 2.585E-08 ptable
52123.71c 121.848000 Te_123_300K.ace 0 1 1 187986 0 0 2.585E-08 ptable
52124.71c 122.839000 Te_124_300K.ace 0 1 1 234408 0 0 2.585E-08 ptable
52125.71c 123.831000 Te_125_300K.ace 0 1 1 321824 0 0 2.585E-08 ptable
52126.71c 124.821000 Te_126_300K.ace 0 1 1 134122 0 0 2.585E-08 ptable
52197.71c 125.815000 Te_127m1_300K.ace 0 1 1 83889 0 0 2.585E-08 ptable
52128.71c 126.805000 Te_128_300K.ace 0 1 1 111234 0 0 2.585E-08 ptable
52199.71c 127.800000 Te_129m1_300K.ace 0 1 1 97006 0 0 2.585E-08 ptable
52130.71c 128.790000 Te_130_300K.ace 0 1 1 79564 0 0 2.585E-08 ptable
52132.71c 130.775000 Te_132_300K.ace 0 1 1 264395 0 0 2.585E-08 ptable
53127.71c 125.814300 I_127_300K.ace 0 1 1 1293749 0 0 2.585E-08
53129.71c 127.798000 I_129_300K.ace 0 1 1 221619 0 0 2.585E-08 ptable
53130.71c 128.791000 I_130_300K.ace 0 1 1 352443 0 0 2.585E-08 ptable
53131.71c 129.781000 I_131_300K.ace 0 1 1 83501 0 0 2.585E-08 ptable
53135.71c 133.750000 I_135_300K.ace 0 1 1 34223 0 0 2.585E-08
54123.71c 121.852600 Xe_123_300K.ace 0 1 1 843810 0 0 2.585E-08
54124.71c 122.841500 Xe_124_300K.ace 0 1 1 780494 0 0 2.585E-08 ptable
54126.71c 124.822000 Xe_126_300K.ace 0 1 1 88236 0 0 2.585E-08 ptable
54128.71c 126.804000 Xe_128_300K.ace 0 1 1 117755 0 0 2.585E-08 ptable
54129.71c 127.798000 Xe_129_300K.ace 0 1 1 202452 0 0 2.585E-08 ptable
54130.71c 128.788000 Xe_130_300K.ace 0 1 1 48337 0 0 2.585E-08
54131.71c 129.781000 Xe_131_300K.ace 0 1 1 306381 0 0 2.585E-08 ptable
54132.71c 130.770000 Xe_132_300K.ace 0 1 1 70858 0 0 2.585E-08 ptable
54133.71c 131.764000 Xe_133_300K.ace 0 1 1 76075 0 0 2.585E-08 ptable
54134.71c 132.760000 Xe_134_300K.ace 0 1 1 58135 0 0 2.585E-08 ptable
54135.71c 133.748000 Xe_135_300K.ace 0 1 1 78619 0 0 2.585E-08 ptable
54136.71c 134.740000 Xe_136_300K.ace 0 1 1 79521 0 0 2.585E-08
55133.71c 131.764000 Cs_133_300K.ace 0 1 1 431565 0 0 2.585E-08 ptable
55134.71c 132.757000 Cs_134_300K.ace 0 1 1 137925 0 0 2.585E-08 ptable
55135.71c 133.747000 Cs_135_300K.ace 0 1 1 68976 0 0 2.585E-08 ptable
55136.71c 134.739000 Cs_136_300K.ace 0 1 1 55756 0 0 2.585E-08 ptable
55137.71c 135.731000 Cs_137_300K.ace 0 1 1 59536 0 0 2.585E-08 ptable
56130.71c 128.790000 Ba_130_300K.ace 0 1 1 155832 0 0 2.585E-08 ptable
56132.71c 130.772000 Ba_132_300K.ace 0 1 1 75885 0 0 2.585E-08 ptable
56133.71c 131.764000 Ba_133_300K.ace 0 1 1 363512 0 0 2.585E-08 ptable
56134.71c 132.754000 Ba_134_300K.ace 0 1 1 173960 0 0 2.585E-08 ptable
56135.71c 133.747000 Ba_135_300K.ace 0 1 1 208419 0 0 2.585E-08 ptable
56136.71c 134.737000 Ba_136_300K.ace 0 1 1 172100 0 0 2.585E-08 ptable
56137.71c 135.730000 Ba_137_300K.ace 0 1 1 141534 0 0 2.585E-08 ptable
56138.71c 136.720000 Ba_138_300K.ace 0 1 1 72442 0 0 2.585E-08
56140.71c 138.708000 Ba_140_300K.ace 0 1 1 34609 0 0 2.585E-08 ptable
57138.71c 136.722000 La_138_300K.ace 0 1 1 108905 0 0 2.585E-08 ptable
57139.71c 137.710000 La_139_300K.ace 0 1 1 209790 0 0 2.585E-08 ptable
57140.71c 138.708000 La_140_300K.ace 0 1 1 383369 0 0 2.585E-08 ptable
58136.71c 134.740000 Ce_136_300K.ace 0 1 1 200031 0 0 2.585E-08 ptable
58138.71c 136.721000 Ce_138_300K.ace 0 1 1 201251 0 0 2.585E-08 ptable
58139.71c 137.713000 Ce_139_300K.ace 0 1 1 297653 0 0 2.585E-08 ptable
58140.71c 138.704000 Ce_140_300K.ace 0 1 1 249973 0 0 2.585E-08
58141.71c 139.700000 Ce_141_300K.ace 0 1 1 92112 0 0 2.585E-08 ptable
58142.71c 140.690000 Ce_142_300K.ace 0 1 1 109657 0 0 2.585E-08 ptable
58143.71c 141.685000 Ce_143_300K.ace 0 1 1 280327 0 0 2.585E-08 ptable
58144.71c 142.678000 Ce_144_300K.ace 0 1 1 54585 0 0 2.585E-08 ptable
59141.71c 139.697000 Pr_141_300K.ace 0 1 1 395353 0 0 2.585E-08 ptable
59142.71c 140.691000 Pr_142_300K.ace 0 1 1 585336 0 0 2.585E-08 ptable
59143.71c 141.683000 Pr_143_300K.ace 0 1 1 85542 0 0 2.585E-08 ptable
60142.71c 140.689000 Nd_142_300K.ace 0 1 1 315189 0 0 2.585E-08 ptable
60143.71c 141.682000 Nd_143_300K.ace 0 1 1 467962 0 0 2.585E-08 ptable
60144.71c 142.674000 Nd_144_300K.ace 0 1 1 324070 0 0 2.585E-08 ptable
60145.71c 143.668000 Nd_145_300K.ace 0 1 1 519480 0 0 2.585E-08 ptable
60146.71c 144.660000 Nd_146_300K.ace 0 1 1 304511 0 0 2.585E-08 ptable
60147.71c 145.654000 Nd_147_300K.ace 0 1 1 274981 0 0 2.585E-08 ptable
60148.71c 146.646000 Nd_148_300K.ace 0 1 1 367232 0 0 2.585E-08 ptable
60150.71c 148.633000 Nd_150_300K.ace 0 1 1 332744 0 0 2.585E-08 ptable
61147.71c 145.653000 Pm_147_300K.ace 0 1 1 101585 0 0 2.585E-08 ptable
61148.71c 146.646000 Pm_148_300K.ace 0 1 1 63464 0 0 2.585E-08 ptable
61198.71c 146.650000 Pm_148m1_300K.ace 0 1 1 42690 0 0 2.585E-08
61149.71c 147.639000 Pm_149_300K.ace 0 1 1 83395 0 0 2.585E-08 ptable
61151.71c 149.625000 Pm_151_300K.ace 0 1 1 234543 0 0 2.585E-08 ptable
62144.71c 142.676000 Sm_144_300K.ace 0 1 1 301563 0 0 2.585E-08 ptable
62147.71c 145.653000 Sm_147_300K.ace 0 1 1 607754 0 0 2.585E-08 ptable
62148.71c 146.644000 Sm_148_300K.ace 0 1 1 199303 0 0 2.585E-08 ptable
62149.71c 147.638000 Sm_149_300K.ace 0 1 1 477965 0 0 2.585E-08 ptable
62150.71c 148.629000 Sm_150_300K.ace 0 1 1 299552 0 0 2.585E-08 ptable
62151.71c 149.623000 Sm_151_300K.ace 0 1 1 374874 0 0 2.585E-08 ptable
62152.71c 150.615000 Sm_152_300K.ace 0 1 1 395316 0 0 2.585E-08 ptable
62153.71c 151.608000 Sm_153_300K.ace 0 1 1 219053 0 0 2.585E-08 ptable
62154.71c 152.600000 Sm_154_300K.ace 0 1 1 269897 0 0 2.585E-08 ptable
63151.71c 149.620000 Eu_151_300K.ace 0 1 1 133069 0 0 2.585E-08 ptable
63152.71c 150.617000 Eu_152_300K.ace 0 1 1 123913 0 0 2.585E-08 ptable
63153.71c 151.608000 Eu_153_300K.ace 0 1 1 257000 0 0 2.585E-08 ptable
63154.71c 152.600000 Eu_154_300K.ace 0 1 1 62847 0 0 2.585E-08 ptable
63155.71c 153.590000 Eu_155_300K.ace 0 1 1 49693 0 0 2.585E-08 ptable
63156.71c 154.586000 Eu_156_300K.ace 0 1 1 70927 0 0 2.585E-08 ptable
63157.71c 155.577000 Eu_157_300K.ace 0 1 1 301785 0 0 2.585E-08 ptable
64152.71c 150.615000 Gd_152_300K.ace 0 1 1 521124 0 0 2.585E-08 ptable
64153.71c 151.608000 Gd_153_300K.ace 0 1 1 336166 0 0 2.585E-08 ptable
64154.71c 152.599000 Gd_154_300K.ace 0 1 1 605968 0 0 2.585E-08 ptable
64155.71c 153.592000 Gd_155_300K.ace 0 1 1 343014 0 0 2.585E-08 ptable
64156.71c 154.583000 Gd_156_300K.ace 0 1 1 441630 0 0 2.585E-08 ptable
64157.71c 155.576000 Gd_157_300K.ace 0 1 1 394318 0 0 2.585E-08 ptable
64158.71c 156.567000 Gd_158_300K.ace 0 1 1 440027 0 0 2.585E-08 ptable
64160.71c 158.553000 Gd_160_300K.ace 0 1 1 371181 0 0 2.585E-08 ptable
65159.71c 157.560000 Tb_159_300K.ace 0 1 1 346198 0 0 2.585E-08 ptable
65160.71c 158.553000 Tb_160_300K.ace 0 1 1 192057 0 0 2.585E-08 ptable
66156.71c 154.585000 Dy_156_300K.ace 0 1 1 267003 0 0 2.585E-08 ptable
66158.71c 156.568000 Dy_158_300K.ace 0 1 1 240935 0 0 2.585E-08 ptable
66160.71c 158.551000 Dy_160_300K.ace 0 1 1 345126 0 0 2.585E-08 ptable
66161.71c 159.544000 Dy_161_300K.ace 0 1 1 518991 0 0 2.585E-08 ptable
66162.71c 160.536000 Dy_162_300K.ace 0 1 1 368065 0 0 2.585E-08 ptable
66163.71c 161.529000 Dy_163_300K.ace 0 1 1 399365 0 0 2.585E-08 ptable
66164.71c 162.521000 Dy_164_300K.ace 0 1 1 325272 0 0 2.585E-08 ptable
67165.71c 163.513000 Ho_165_300K.ace 0 1 1 336743 0 0 2.585E-08
67196.71c 164.507000 Ho_166m1_300K.ace 0 1 1 216403 0 0 2.585E-08 ptable
68162.71c 160.538000 Er_162_300K.ace 0 1 1 105840 0 0 2.585E-08
68164.71c 162.521000 Er_164_300K.ace 0 1 1 110924 0 0 2.585E-08
68166.71c 164.505000 Er_166_300K.ace 0 1 1 280999 0 0 2.585E-08
68167.71c 165.498000 Er_167_300K.ace 0 1 1 424483 0 0 2.585E-08 ptable
68168.71c 166.487000 Er_168_300K.ace 0 1 1 288584 0 0 2.585E-08
68170.71c 168.476000 Er_170_300K.ace 0 1 1 160977 0 0 2.585E-08 ptable
69168.71c 166.492000 Tm_168_300K.ace 0 1 1 494994 0 0 2.585E-08
69169.71c 167.483000 Tm_169_300K.ace 0 1 1 1208162 0 0 2.585E-08 ptable
69170.71c 168.476000 Tm_170_300K.ace 0 1 1 541545 0 0 2.585E-08 ptable
71175.71c 173.438000 Lu_175_300K.ace 0 1 1 141023 0 0 2.585E-08 ptable
71176.71c 174.430000 Lu_176_300K.ace 0 1 1 75550 0 0 2.585E-08 ptable
72174.71c 172.446000 Hf_174_300K.ace 0 1 1 79721 0 0 2.585E-08 ptable
72176.71c 174.429000 Hf_176_300K.ace 0 1 1 118353 0 0 2.585E-08 ptable
72177.71c 175.420000 Hf_177_300K.ace 0 1 1 251132 0 0 2.585E-08 ptable
72178.71c 176.411000 Hf_178_300K.ace 0 1 1 129298 0 0 2.585E-08 ptable
72179.71c 177.413000 Hf_179_300K.ace 0 1 1 191561 0 0 2.585E-08 ptable
72180.71c 178.404000 Hf_180_300K.ace 0 1 1 136630 0 0 2.585E-08 ptable
73180.71c 178.401600 Ta_180_300K.ace 0 1 1 826088 0 0 2.585E-08
73181.71c 179.393600 Ta_181_300K.ace 0 1 1 983410 0 0 2.585E-08 ptable
73182.71c 180.387000 Ta_182_300K.ace 0 1 1 29977 0 0 2.585E-08 ptable
74180.71c 178.401000 W_180_300K.ace 0 1 1 1085440 0 0 2.585E-08
74182.71c 180.385000 W_182_300K.ace 0 1 1 1318755 0 0 2.585E-08 ptable
74183.71c 181.379000 W_183_300K.ace 0 1 1 1459682 0 0 2.585E-08 ptable
74184.71c 182.371000 W_184_300K.ace 0 1 1 1030365 0 0 2.585E-08 ptable
74186.71c 184.357000 W_186_300K.ace 0 1 1 1246966 0 0 2.585E-08 ptable
75185.71c 183.364100 Re_185_300K.ace 0 1 1 1636859 0 0 2.585E-08 ptable
75187.71c 185.349700 Re_187_300K.ace 0 1 1 1376919 0 0 2.585E-08 ptable
77191.71c 189.320000 Ir_191_300K.ace 0 1 1 430694 0 0 2.585E-08
77193.71c 191.305000 Ir_193_300K.ace 0 1 1 385538 0 0 2.585E-08 ptable
79197.71c 195.274000 Au_197_300K.ace 0 1 1 409436 0 0 2.585E-08
80196.71c 194.282000 Hg_196_300K.ace 0 1 1 152809 0 0 2.585E-08
80198.71c 196.266000 Hg_198_300K.ace 0 1 1 172138 0 0 2.585E-08
80199.71c 197.259000 Hg_199_300K.ace 0 1 1 173023 0 0 2.585E-08
80200.71c 198.250000 Hg_200_300K.ace 0 1 1 193107 0 0 2.585E-08
80201.71c 199.244000 Hg_201_300K.ace 0 1 1 166045 0 0 2.585E-08
80202.71c 200.236000 Hg_202_300K.ace 0 1 1 154929 0 0 2.585E-08
80204.71c 202.221000 Hg_204_300K.ace 0 1 1 140619 0 0 2.585E-08
81203.71c 201.229000 Tl_203_300K.ace 0 1 1 358291 0 0 2.585E-08 ptable
81205.71c 203.214000 Tl_205_300K.ace 0 1 1 236706 0 0 2.585E-08 ptable
82204.71c 202.220800 Pb_204_300K.ace 0 1 1 614037 0 0 2.585E-08
82206.71c 204.205000 Pb_206_300K.ace 0 1 1 1195900 0 0 2.585E-08
82207.71c 205.197900 Pb_207_300K.ace 0 1 1 550538 0 0 2.585E-08
82208.71c 206.190000 Pb_208_300K.ace 0 1 1 484713 0 0 2.585E-08
83209.71c 207.185000 Bi_209_300K.ace 0 1 1 266721 0 0 2.585E-08
88223.71c 221.103000 Ra_223_300K.ace 0 1 1 22870 0 0 2.585E-08
88224.71c 222.096000 Ra_224_300K.ace 0 1 1 19476 0 0 2.585E-08
88225.71c 223.091000 Ra_225_300K.ace 0 1 1 16663 0 0 2.585E-08
88226.71c 224.084000 Ra_226_300K.ace 0 1 1 102211 0 0 2.585E-08
89225.71c 223.090000 Ac_225_300K.ace 0 1 1 257835 0 0 2.585E-08
89226.71c 224.084000 Ac_226_300K.ace 0 1 1 269881 0 0 2.585E-08
89227.71c 225.077000 Ac_227_300K.ace 0 1 1 273026 0 0 2.585E-08
90227.71c 225.077000 Th_227_300K.ace 0 1 1 313492 0 0 2.585E-08
90228.71c 226.070000 Th_228_300K.ace 0 1 1 364947 0 0 2.585E-08 ptable
90229.71c 227.064000 Th_229_300K.ace 0 1 1 358544 0 0 2.585E-08 ptable
90230.71c 228.057000 Th_230_300K.ace 0 1 1 363212 0 0 2.585E-08 ptable
90231.71c 229.052000 Th_231_300K.ace 0 1 1 323609 0 0 2.585E-08
90232.71c 230.045000 Th_232_300K.ace 0 1 1 2501553 0 0 2.585E-08 ptable
90233.71c 231.040000 Th_233_300K.ace 0 1 1 292031 0 0 2.585E-08
90234.71c 232.033000 Th_234_300K.ace 0 1 1 224435 0 0 2.585E-08
91229.71c 227.065000 Pa_229_300K.ace 0 1 1 226043 0 0 2.585E-08
91230.71c 228.058000 Pa_230_300K.ace 0 1 1 253547 0 0 2.585E-08
91231.71c 229.051000 Pa_231_300K.ace 0 1 1 1396538 0 0 2.585E-08 ptable
91232.71c 230.045000 Pa_232_300K.ace 0 1 1 271754 0 0 2.585E-08 ptable
91233.71c 231.038000 Pa_233_300K.ace 0 1 1 1531902 0 0 2.585E-08 ptable
92230.71c 228.058000 U_230_300K.ace 0 1 1 261631 0 0 2.585E-08
92231.71c 229.052000 U_231_300K.ace 0 1 1 284953 0 0 2.585E-08
92232.71c 230.044000 U_232_300K.ace 0 1 1 428911 0 0 2.585E-08 ptable
92233.71c 231.037700 U_233_300K.ace 0 1 1 450645 0 0 2.585E-08 ptable
92234.71c 232.030400 U_234_300K.ace 0 1 1 423658 0 0 2.585E-08 ptable
92235.71c 233.024800 U_235_300K.ace 0 1 1 832942 0 0 2.585E-08 ptable
92236.71c 234.017800 U_236_300K.ace 0 1 1 356783 0 0 2.585E-08 ptable
92237.71c 235.012400 U_237_300K.ace 0 1 1 199023 0 0 2.585E-08 ptable
92238.71c 236.005800 U_238_300K.ace 0 1 1 1540210 0 0 2.585E-08 ptable
92239.71c 237.000700 U_239_300K.ace 0 1 1 248168 0 0 2.585E-08 ptable
92240.71c 237.994400 U_240_300K.ace 0 1 1 295900 0 0 2.585E-08 ptable
92241.71c 238.989500 U_241_300K.ace 0 1 1 228181 0 0 2.585E-08 ptable
93234.71c 232.032000 Np_234_300K.ace 0 1 1 229813 0 0 2.585E-08
93235.71c 233.025000 Np_235_300K.ace 0 1 1 228403 0 0 2.585E-08
93236.71c 234.019000 Np_236_300K.ace 0 1 1 264358 0 0 2.585E-08 ptable
93237.71c 235.011800 Np_237_300K.ace 0 1 1 457320 0 0 2.585E-08 ptable
93238.71c 236.006000 Np_238_300K.ace 0 1 1 375502 0 0 2.585E-08 ptable
93239.71c 236.999000 Np_239_300K.ace 0 1 1 268140 0 0 2.585E-08
94236.71c 234.018000 Pu_236_300K.ace 0 1 1 193931 0 0 2.585E-08 ptable
94237.71c 235.012000 Pu_237_300K.ace 0 1 1 279845 0 0 2.585E-08
94238.71c 236.004600 Pu_238_300K.ace 0 1 1 330454 0 0 2.585E-08 ptable
94239.71c 236.998600 Pu_239_300K.ace 0 1 1 810111 0 0 2.585E-08 ptable
94240.71c 237.991600 Pu_240_300K.ace 0 1 1 779773 0 0 2.585E-08 ptable
94241.71c 238.978000 Pu_241_300K.ace 0 1 1 192963 0 0 2.585E-08 ptable
94242.71c 239.979000 Pu_242_300K.ace 0 1 1 381334 0 0 2.585E-08 ptable
94243.71c 240.974000 Pu_243_300K.ace 0 1 1 98800 0 0 2.585E-08 ptable
94244.71c 241.967000 Pu_244_300K.ace 0 1 1 214205 0 0 2.585E-08 ptable
94246.71c 243.956000 Pu_246_300K.ace 0 1 1 172621 0 0 2.585E-08
95240.71c 237.993000 Am_240_300K.ace 0 1 1 221504 0 0 2.585E-08
95241.71c 238.986000 Am_241_300K.ace 0 1 1 277377 0 0 2.585E-08 ptable
95242.71c 239.980100 Am_242_300K.ace 0 1 1 165834 0 0 2.585E-08 ptable
95292.71c 239.980100 Am_242m1_300K.ace 0 1 1 143553 0 0 2.585E-08 ptable
95243.71c 240.973400 Am_243_300K.ace 0 1 1 335893 0 0 2.585E-08 ptable
95244.71c 241.968000 Am_244_300K.ace 0 1 1 32164 0 0 2.585E-08
95294.71c 241.968000 Am_244m1_300K.ace 0 1 1 34559 0 0 2.585E-08
96240.71c 237.993000 Cm_240_300K.ace 0 1 1 168408 0 0 2.585E-08
96241.71c 238.987000 Cm_241_300K.ace 0 1 1 178699 0 0 2.585E-08
96242.71c 239.979000 Cm_242_300K.ace 0 1 1 209984 0 0 2.585E-08 ptable
96243.71c 240.973000 Cm_243_300K.ace 0 1 1 215083 0 0 2.585E-08 ptable
96244.71c 241.966000 Cm_244_300K.ace 0 1 1 339560 0 0 2.585E-08 ptable
96245.71c 242.960000 Cm_245_300K.ace 0 1 1 272360 0 0 2.585E-08 ptable
96246.71c 243.953000 Cm_246_300K.ace 0 1 1 309531 0 0 2.585E-08 ptable
96247.71c 244.948000 Cm_247_300K.ace 0 1 1 280721 0 0 2.585E-08 ptable
96248.71c 245.941000 Cm_248_300K.ace 0 1 1 282779 0 0 2.585E-08 ptable
96249.71c 246.936000 Cm_249_300K.ace 0 1 1 212901 0 0 2.585E-08
96250.71c 247.930000 Cm_250_300K.ace 0 1 1 184838 0 0 2.585E-08 ptable
97245.71c 242.961000 Bk_245_300K.ace 0 1 1 221358 0 0 2.585E-08
97246.71c 243.955000 Bk_246_300K.ace 0 1 1 226472 0 0 2.585E-08
97247.71c 244.948000 Bk_247_300K.ace 0 1 1 235438 0 0 2.585E-08
97248.71c 245.942000 Bk_248_300K.ace 0 1 1 243019 0 0 2.585E-08
97249.71c 246.935000 Bk_249_300K.ace 0 1 1 325047 0 0 2.585E-08 ptable
97250.71c 247.930000 Bk_250_300K.ace 0 1 1 273538 0 0 2.585E-08
98246.71c 243.955000 Cf_246_300K.ace 0 1 1 217841 0 0 2.585E-08
98248.71c 245.941000 Cf_248_300K.ace 0 1 1 243286 0 0 2.585E-08
98249.71c 246.935000 Cf_249_300K.ace 0 1 1 334850 0 0 2.585E-08 ptable
98250.71c 247.928000 Cf_250_300K.ace 0 1 1 255377 0 0 2.585E-08 ptable
98251.71c 248.923000 Cf_251_300K.ace 0 1 1 297801 0 0 2.585E-08 ptable
98252.71c 249.916000 Cf_252_300K.ace 0 1 1 333660 0 0 2.585E-08 ptable
98253.71c 250.911000 Cf_253_300K.ace 0 1 1 243116 0 0 2.585E-08
98254.71c 251.905000 Cf_254_300K.ace 0 1 1 223369 0 0 2.585E-08
99251.71c 248.923000 Es_251_300K.ace 0 1 1 223251 0 0 2.585E-08
99252.71c 249.917000 Es_252_300K.ace 0 1 1 235400 0 0 2.585E-08
99253.71c 250.911000 Es_253_300K.ace 0 1 1 228362 0 0 2.585E-08
99254.71c 251.905000 Es_254_300K.ace 0 1 1 243802 0 0 2.585E-08
99294.71c 251.905000 Es_254m1_300K.ace 0 1 1 257997 0 0 2.585E-08
99255.71c 252.899000 Es_255_300K.ace 0 1 1 214843 0 0 2.585E-08
100255.71c 252.899000 Fm_255_300K.ace 0 1 1 265749 0 0 2.585E-08
